 nin   12
 nout  2
 ndata 500
 6.448000e-01  4.650000e-01  3.659000e-01  8.761000e-01  2.214000e-01  7.023000e-01  3.702000e-01  8.750000e-01  2.981000e-01  5.870000e-01  3.130000e-01  9.374000e-01  2.574000e-01  4.349000e-01 
 5.013000e-01  9.710000e-02  7.749000e-01  1.599000e-01  8.716000e-01  1.946000e-01  7.986000e-01  1.304000e-01  8.874000e-01  1.974000e-01  6.991000e-01  2.499000e-01  4.547000e-01  8.450000e-02 
 3.908000e-01  4.842000e-01  5.148000e-01  8.738000e-01  6.925000e-01  8.681000e-01  5.985000e-01  7.700000e-01  5.325000e-01  1.079000e+00  6.069000e-01  7.554000e-01  3.284000e-01  4.656000e-01 
 1.038400e+00  8.240000e-02  1.578400e+00  1.819000e-01  1.242100e+00  5.329000e-01  1.780600e+00 -5.680000e-02  1.239700e+00  3.690000e-01  1.656900e+00  8.240000e-02  8.512000e-01  1.109000e-01 
-9.100000e-03  6.477000e-01  3.510000e-02  9.081000e-01  3.810000e-02  1.031800e+00  6.780000e-02  1.656900e+00  3.950000e-02  1.950300e+00 -2.490000e-02  3.090000e-02  7.000000e-03  5.461000e-01 
 6.458000e-01  2.965000e-01  9.246000e-01  3.379000e-01  1.054200e+00  3.263000e-01  1.751900e+00 -2.230000e-02  2.070800e+00 -7.860000e-02 -1.010000e-02  1.030000e-02  5.419000e-01  2.027000e-01 
 4.951000e-01  5.899000e-01  9.069000e-01  7.700000e-01  8.367000e-01  1.101400e+00  7.952000e-01  9.014000e-01  9.185000e-01  1.039600e+00  7.024000e-01  1.008900e+00  4.378000e-01  5.457000e-01 
 1.136300e+00 -3.530000e-02  3.838000e-01  2.079000e-01  3.385000e-01  1.536000e-01  4.569000e-01  1.199000e-01  2.972000e-01  1.929000e-01  3.505000e-01  2.441000e-01  3.074000e-01  1.153000e-01 
 1.646000e-01  5.148000e-01  4.558000e-01  5.405000e-01  5.855000e-01  5.258000e-01  1.727000e+00  4.400000e-03 -1.250000e-02  2.019000e+00  3.960000e-02 -4.630000e-02  2.334000e-01  3.525000e-01 
 2.028000e-01  3.866000e-01  2.659000e-01  6.712000e-01  3.368000e-01  7.250000e-01  3.495000e-01  5.704000e-01  3.358000e-01  7.372000e-01  2.509000e-01  6.834000e-01  1.608000e-01  3.771000e-01 
 6.930000e-01  1.407000e-01  1.015300e+00  3.020000e-01  1.114100e+00  3.990000e-01  1.070600e+00  2.370000e-01  1.106800e+00  4.251000e-01  1.041400e+00  2.751000e-01  6.056000e-01  1.516000e-01 
 5.753000e-01  5.257000e-01  8.693000e-01  5.906000e-01  8.992000e-01  6.983000e-01  1.670000e+00  7.510000e-02  1.942200e+00  6.400000e-02 -2.000000e-02  1.753100e+00  5.033000e-01  3.513000e-01 
 8.400000e-03  5.567000e-01  2.480000e-02  8.560000e-01  1.377000e-01  8.414000e-01  8.530000e-02  7.866000e-01 -6.210000e-02  1.098600e+00  9.400000e-02  7.736000e-01  1.660000e-02  4.914000e-01 
 1.122000e-01  2.212000e-01  2.767000e-01  2.258000e-01  4.065000e-01  1.461000e-01  2.236000e-01  2.891000e-01  2.271000e-01  3.709000e-01  2.522000e-01  2.523000e-01  1.470000e-01  1.456000e-01 
 2.765000e-01  8.222000e-01  6.055000e-01  9.075000e-01  7.480000e-01  8.832000e-01  1.749700e+00 -2.060000e-02  4.540000e-02  1.950100e+00  4.800000e-02  1.672300e+00  3.080000e-01  5.781000e-01 
 3.000000e-01  2.843000e-01  5.036000e-01  4.081000e-01  6.104000e-01  4.229000e-01  4.810000e-01  4.380000e-01  5.600000e-01  5.012000e-01  4.791000e-01  4.364000e-01  2.898000e-01  2.373000e-01 
 1.142700e+00 -4.400000e-02  8.870000e-01  1.008000e-01  7.355000e-01  2.940000e-02  9.660000e-01  8.200000e-03  6.765000e-01  7.800000e-02  1.012500e+00 -4.360000e-02  5.768000e-01  3.400000e-02 
 2.788000e-01  1.947000e-01  4.153000e-01  3.330000e-01  4.493000e-01  4.033000e-01  3.633000e-01  3.906000e-01  4.544000e-01  4.106000e-01  3.182000e-01  4.397000e-01  2.318000e-01  1.993000e-01 
 4.448000e-01  6.422000e-01  8.192000e-01  5.634000e-01  8.853000e-01  6.292000e-01  1.754600e+00 -2.460000e-02  2.870000e-02  1.963900e+00 -1.710000e-02  1.754600e+00  4.858000e-01  3.275000e-01 
 1.169600e+00 -7.950000e-02  6.595000e-01  3.301000e-01  5.647000e-01  2.009000e-01  7.108000e-01  2.644000e-01  4.990000e-01  2.600000e-01  6.660000e-01  3.246000e-01  4.636000e-01  1.476000e-01 
 2.800000e-02  4.749000e-01  3.082000e-01  5.165000e-01  4.995000e-01  4.292000e-01 -6.680000e-02  1.809500e+00 -5.310000e-02  6.340000e-02  7.020000e-02 -8.250000e-02  1.794000e-01  2.888000e-01 
-2.050000e-02  1.080400e+00  1.990000e-01  1.171300e+00  2.044000e-01  1.301100e+00 -6.300000e-02  1.807000e+00 -1.090000e-01  2.131100e+00  9.110000e-02  1.625400e+00  1.084000e-01  6.975000e-01 
-1.990000e-02  1.129400e+00  6.400000e-03  1.475300e+00  1.195000e-01  1.479400e+00 -8.570000e-02  1.833300e+00 -5.250000e-02  2.061500e+00  8.600000e-02  1.630200e+00  1.760000e-02  8.479000e-01 
 7.734000e-01  3.108000e-01  1.078300e+00  6.418000e-01  1.267100e+00  6.887000e-01  1.212800e+00  4.844000e-01  1.260900e+00  7.241000e-01  1.197800e+00  5.027000e-01  6.789000e-01  3.063000e-01 
 4.740000e-01  6.379000e-01  2.710000e-01  7.720000e-01  2.148000e-01  5.921000e-01  2.197000e-01  8.294000e-01  2.198000e-01  5.664000e-01  2.387000e-01  8.073000e-01  2.159000e-01  4.153000e-01 
 1.412000e-01  9.814000e-01  1.210000e-01  5.891000e-01  5.280000e-02  5.381000e-01  1.400000e-01  5.603000e-01  1.442000e-01  4.171000e-01  1.087000e-01  6.031000e-01  1.059000e-01  3.814000e-01 
 8.093000e-01  1.447000e-01  1.019800e+00  2.690000e-01  1.202300e+00  2.014000e-01  1.642000e+00  1.033000e-01  2.117700e+00 -1.391000e-01 -8.490000e-02  1.015000e-01  6.179000e-01  1.411000e-01 
 6.051000e-01  3.129000e-01  1.013600e+00  4.145000e-01  1.062800e+00  5.765000e-01  9.327000e-01  5.089000e-01  1.094600e+00  5.687000e-01  9.348000e-01  5.066000e-01  5.441000e-01  2.873000e-01 
 1.044400e+00  7.250000e-02  7.841000e-01  6.701000e-01  5.830000e-01  4.092000e-01  7.340000e-01  7.407000e-01  4.950000e-01  4.886000e-01  7.533000e-01  7.148000e-01  4.912000e-01  2.421000e-01 
 6.847000e-01  3.897000e-01  9.817000e-01  4.101000e-01  1.045500e+00  4.734000e-01  1.734700e+00 -3.000000e-04  1.986600e+00  1.320000e-02  5.550000e-02  1.665800e+00  5.296000e-01  2.952000e-01 
 1.740000e-02  8.344000e-01 -7.070000e-02  1.251500e+00  4.490000e-02  1.250200e+00 -8.910000e-02  1.834800e+00  3.770000e-02  1.952000e+00  1.850000e-02 -2.100000e-02  2.190000e-02  6.670000e-01 
 2.622000e-01  8.393000e-01  1.888000e-01  7.998000e-01  2.062000e-01  5.559000e-01  2.330000e-01  7.465000e-01  1.065000e-01  6.558000e-01  1.107000e-01  8.962000e-01  1.222000e-01  4.926000e-01 
 6.600000e-03  1.097000e+00  4.751000e-01  9.095000e-01  5.517000e-01  9.640000e-01  1.777900e+00 -5.290000e-02 -2.350000e-02  2.028300e+00  5.520000e-02  1.666900e+00  2.132000e-01  6.103000e-01 
 4.735000e-01  2.950000e-02  6.149000e-01  2.003000e-01  7.815000e-01  1.288000e-01  6.322000e-01  1.794000e-01  6.874000e-01  2.575000e-01  6.046000e-01  2.099000e-01  3.779000e-01  8.710000e-02 
 6.480000e-02  5.514000e-01  3.730000e-02  9.392000e-01  1.505000e-01  9.401000e-01  2.350000e-02  9.564000e-01  1.424000e-01  9.696000e-01  3.140000e-02  9.441000e-01  3.910000e-02  5.217000e-01 
 1.271900e+00 -1.940000e-01  4.195000e-01  1.021300e+00  3.379000e-01  6.556000e-01  4.200000e-01  1.027200e+00  3.894000e-01  5.664000e-01  4.430000e-01  1.001100e+00  3.273000e-01  4.017000e-01 
 3.084000e-01  7.897000e-01  1.522000e-01  1.576900e+00  7.180000e-02  9.782000e-01  2.220000e-01  1.498500e+00  4.430000e-02  9.810000e-01  9.340000e-02  1.646600e+00  1.257000e-01  6.302000e-01 
 5.818000e-01  2.661000e-01  8.678000e-01  4.688000e-01  9.546000e-01  5.728000e-01  7.304000e-01  6.334000e-01  8.540000e-01  7.134000e-01  8.607000e-01  4.792000e-01  5.011000e-01  2.696000e-01 
 5.940000e-02  7.090000e-01  4.563000e-01  6.108000e-01  5.679000e-01  6.220000e-01  1.778700e+00 -5.690000e-02  3.970000e-02  1.952300e+00  3.590000e-02 -4.270000e-02  2.095000e-01  4.262000e-01 
 5.933000e-01  2.304000e-01  9.529000e-01  3.319000e-01  1.151400e+00  2.991000e-01  9.822000e-01  3.042000e-01  1.184000e+00  2.901000e-01  9.725000e-01  3.120000e-01  5.705000e-01  1.696000e-01 
 8.719000e-01  2.312000e-01  4.310000e-01  5.507000e-01  3.146000e-01  4.567000e-01  4.258000e-01  5.563000e-01  3.740000e-01  3.700000e-01  3.330000e-01  6.646000e-01  2.901000e-01  3.226000e-01 
 1.360000e-02  9.961000e-01  2.466000e-01  1.077500e+00  3.379000e-01  1.112000e+00  5.620000e-02  1.662300e+00 -4.080000e-02  2.046100e+00 -1.250000e-02  1.610000e-02  1.257000e-01  6.558000e-01 
 1.218000e+00 -1.338000e-01  6.016000e-01  1.136800e+00  4.434000e-01  7.737000e-01  6.493000e-01  1.074600e+00  5.333000e-01  6.233000e-01  5.916000e-01  1.146600e+00  4.410000e-01  3.835000e-01 
 7.636000e-01  1.110000e-01  1.172100e+00  4.000000e-04  1.307500e+00 -1.810000e-02  1.756100e+00 -3.150000e-02  1.876900e+00  1.464000e-01  4.910000e-02 -5.820000e-02  6.767000e-01  1.780000e-02 
 4.733000e-01  5.533000e-01  7.878000e-01  5.479000e-01  9.136000e-01  5.419000e-01  1.809900e+00 -8.920000e-02 -7.870000e-02  2.088800e+00  2.570000e-02 -3.140000e-02  4.780000e-01  3.072000e-01 
 2.005000e-01  5.829000e-01  6.213000e-01  4.544000e-01  6.185000e-01  6.031000e-01  1.674800e+00  6.370000e-02  4.690000e-02  1.944500e+00  4.540000e-02 -5.330000e-02  2.894000e-01  3.546000e-01 
 2.873000e-01  3.904000e-01  5.542000e-01  4.862000e-01  6.085000e-01  5.771000e-01  6.228000e-01  4.063000e-01  6.241000e-01  5.769000e-01  5.590000e-01  4.789000e-01  3.226000e-01  2.772000e-01 
 1.065800e+00  4.890000e-02  9.754000e-01  2.339000e-01  7.418000e-01  1.505000e-01  8.248000e-01  4.087000e-01  6.896000e-01  1.874000e-01  8.415000e-01  3.902000e-01  5.896000e-01  9.380000e-02 
 2.749000e-01  8.322000e-01  7.550000e-02  8.470000e-01  1.179000e-01  6.081000e-01  2.079000e-01  6.938000e-01  1.133000e-01  5.986000e-01  1.856000e-01  7.187000e-01  1.310000e-01  4.502000e-01 
 1.160400e+00 -7.070000e-02  3.873000e-01  4.790000e-01  3.702000e-01  3.135000e-01  3.731000e-01  4.934000e-01  4.204000e-01  2.415000e-01  3.768000e-01  4.884000e-01  3.431000e-01  2.132000e-01 
 7.850000e-01  3.097000e-01  1.039200e+00  6.899000e-01  1.007400e+00  9.179000e-01  1.606700e+00  1.494000e-01  2.023600e+00 -2.750000e-02  7.740000e-02  1.643000e+00  6.075000e-01  3.769000e-01 
 4.767000e-01  6.200000e-01  8.124000e-01  6.201000e-01  8.201000e-01  7.476000e-01  1.762100e+00 -3.200000e-02  2.850000e-02  1.962500e+00 -2.400000e-03  1.735200e+00  4.170000e-01  4.287000e-01 
 7.000000e-02  5.804000e-01  3.603000e-01  6.051000e-01  5.032000e-01  5.804000e-01  1.808000e+00 -9.050000e-02  2.450000e-02  1.971800e+00  5.380000e-02 -6.290000e-02  2.108000e-01  3.495000e-01 
 2.398000e-01  5.381000e-01  4.280000e-01  7.827000e-01  4.594000e-01  9.249000e-01  4.543000e-01  7.498000e-01  4.837000e-01  9.178000e-01  3.558000e-01  8.688000e-01  2.354000e-01  4.663000e-01 
 6.772000e-01  4.153000e-01  8.702000e-01  6.673000e-01  1.097600e+00  5.371000e-01  1.671400e+00  7.230000e-02  1.913400e+00  1.031000e-01  4.360000e-02  1.682100e+00  5.430000e-01  3.427000e-01 
 5.771000e-01  2.690000e-01  9.626000e-01  1.865000e-01  9.748000e-01  3.090000e-01  1.720800e+00  1.200000e-02  1.904000e+00  1.157000e-01  4.180000e-02 -5.090000e-02  5.076000e-01  1.776000e-01 
 9.678000e-01  1.205000e-01  4.169000e-01  7.365000e-01  2.957000e-01  5.802000e-01  4.317000e-01  7.145000e-01  3.142000e-01  5.355000e-01  3.243000e-01  8.496000e-01  2.935000e-01  3.748000e-01 
 3.039000e-01  8.250000e-02  5.032000e-01  1.001000e-01  6.313000e-01  4.200000e-02  5.443000e-01  4.810000e-02  6.187000e-01  7.040000e-02  5.802000e-01  5.800000e-03  3.000000e-01  4.560000e-02 
 1.066000e+00  4.740000e-02  8.390000e-01  3.301000e-01  6.501000e-01  2.295000e-01  8.427000e-01  3.239000e-01  6.770000e-01  1.715000e-01  7.632000e-01  4.213000e-01  5.597000e-01  1.096000e-01 
 4.445000e-01  4.328000e-01  7.354000e-01  6.306000e-01  7.351000e-01  8.423000e-01  7.142000e-01  6.597000e-01  8.077000e-01  7.814000e-01  6.867000e-01  6.933000e-01  3.992000e-01  3.965000e-01 
 1.113800e+00 -1.200000e-02  4.509000e-01  1.285400e+00  4.255000e-01  1.115600e+00  4.581000e-01  1.271400e+00  3.918000e-01  1.065600e+00  4.900000e-01  1.234000e+00  3.392000e-01  5.883000e-01 
 3.929000e-01  1.168000e-01  6.146000e-01  2.238000e-01  8.554000e-01  8.000000e-02  1.677700e+00  6.240000e-02 -6.710000e-02  7.830000e-02  3.840000e-02 -4.460000e-02  3.705000e-01  1.066000e-01 
 1.174900e+00 -7.820000e-02  5.318000e-01  1.208200e+00  4.090000e-01  8.032000e-01  6.121000e-01  1.106000e+00  4.824000e-01  6.767000e-01  5.083000e-01  1.234000e+00  3.942000e-01  4.315000e-01 
 1.112500e+00 -1.900000e-03  7.953000e-01  4.182000e-01  5.772000e-01  3.317000e-01  8.666000e-01  3.376000e-01  6.822000e-01  1.837000e-01  7.594000e-01  4.607000e-01  5.409000e-01  1.411000e-01 
 1.064300e+00  4.830000e-02  4.031000e-01  4.715000e-01  4.217000e-01  2.610000e-01  5.285000e-01  3.166000e-01  4.123000e-01  2.549000e-01  4.966000e-01  3.544000e-01  3.839000e-01  1.711000e-01 
 1.462000e-01  1.741000e-01  3.355000e-01  3.210000e-01  5.901000e-01  1.645000e-01  1.819900e+00 -1.075000e-01  4.480000e-02 -5.060000e-02 -1.540000e-02  1.900000e-02  1.997000e-01  1.640000e-01 
 1.082600e+00  2.900000e-02  5.759000e-01  1.143600e+00  3.587000e-01  1.001100e+00  3.984000e-01  1.351900e+00  3.697000e-01  9.311000e-01  4.609000e-01  1.280500e+00  3.813000e-01  4.929000e-01 
 1.749000e-01  9.337000e-01  4.971000e-01  9.799000e-01  5.158000e-01  1.106500e+00  1.858000e+00 -1.477000e-01  5.880000e-02  1.932100e+00 -9.480000e-02  1.840300e+00  2.799000e-01  5.831000e-01 
 2.320000e-02  4.472000e-01  2.880000e-02  7.578000e-01  1.640000e-02  8.930000e-01 -2.840000e-02  1.768200e+00 -4.300000e-03  5.000000e-03  1.630000e-02 -1.920000e-02  1.400000e-03  4.502000e-01 
-1.890000e-02  9.049000e-01  2.733000e-01  9.240000e-01  4.054000e-01  9.117000e-01 -1.630000e-02  1.749400e+00  8.600000e-03  1.989800e+00  1.650000e-02 -1.970000e-02  1.497000e-01  5.558000e-01 
 3.017000e-01  1.810000e-02  5.904000e-01  5.250000e-02  8.312000e-01 -9.490000e-02  1.793900e+00 -7.140000e-02  2.200000e-03 -2.400000e-03  1.700000e-03 -1.600000e-03  3.347000e-01  2.090000e-02 
 3.039000e-01  3.121000e-01  6.046000e-01  3.240000e-01  8.146000e-01  2.188000e-01  1.698900e+00  4.070000e-02 -9.370000e-02  2.104700e+00 -1.610000e-02  2.060000e-02  3.003000e-01  2.485000e-01 
 1.249000e-01  9.827000e-01  6.260000e-02  1.675200e+00  8.900000e-02  9.563000e-01  1.085000e-01  1.615700e+00  5.530000e-02  9.614000e-01  3.070000e-02  1.713800e+00  7.130000e-02  6.857000e-01 
 1.155700e+00 -5.860000e-02  3.913000e-01  1.361500e+00  4.194000e-01  8.176000e-01  4.429000e-01  1.295800e+00  4.218000e-01  7.674000e-01  4.723000e-01  1.270600e+00  3.738000e-01  4.626000e-01 
 2.459000e-01  7.784000e-01  5.481000e-01  7.902000e-01  6.902000e-01  7.715000e-01  1.765200e+00 -3.940000e-02 -1.560000e-02  2.020000e+00  4.010000e-02 -4.900000e-02  3.023000e-01  4.882000e-01 
 6.220000e-01  4.951000e-01  3.017000e-01  7.115000e-01  2.143000e-01  5.816000e-01  2.724000e-01  7.436000e-01  2.240000e-01  5.504000e-01  3.288000e-01  6.809000e-01  2.659000e-01  3.523000e-01 
 3.249000e-01  2.344000e-01  5.291000e-01  3.440000e-01  5.390000e-01  4.644000e-01  6.531000e-01  1.941000e-01  5.935000e-01  4.141000e-01  5.112000e-01  3.632000e-01  3.074000e-01  1.955000e-01 
 3.186000e-01  6.189000e-01  7.353000e-01  5.008000e-01  7.807000e-01  5.874000e-01  1.759200e+00 -3.670000e-02  1.700000e-02  1.983200e+00 -3.570000e-02  4.160000e-02  3.922000e-01  3.411000e-01 
 8.110000e-02  5.730000e-01 -5.400000e-03  1.059500e+00  4.620000e-02  1.141800e+00  9.510000e-02  9.377000e-01  4.330000e-02  1.157600e+00  4.870000e-02  9.916000e-01  3.510000e-02  5.644000e-01 
 2.594000e-01  3.892000e-01  5.220000e-01  4.511000e-01  6.600000e-01  4.274000e-01  1.716700e+00  1.820000e-02 -2.340000e-02  2.023900e+00  2.910000e-02 -3.230000e-02  3.178000e-01  2.422000e-01 
 5.516000e-01  4.323000e-01  9.537000e-01  3.289000e-01  1.019900e+00  3.933000e-01  1.765300e+00 -3.410000e-02  2.026400e+00 -2.980000e-02  1.780000e-02 -2.150000e-02  5.026000e-01  2.628000e-01 
 1.111500e+00 -6.900000e-03  5.701000e-01  1.157500e+00  4.381000e-01  1.535200e+00  4.560000e-01  1.290200e+00  4.360000e-01  1.382700e+00  5.761000e-01  1.156000e+00  4.032000e-01  5.885000e-01 
 4.961000e-01  1.890000e-01  7.077000e-01  3.780000e-01  8.067000e-01  4.309000e-01  7.211000e-01  3.645000e-01  8.028000e-01  4.556000e-01  7.352000e-01  3.442000e-01  3.970000e-01  2.335000e-01 
 1.133100e+00 -3.640000e-02  4.325000e-01  4.307000e-01  3.780000e-01  3.109000e-01  4.364000e-01  4.285000e-01  3.326000e-01  3.505000e-01  4.787000e-01  3.815000e-01  3.200000e-01  2.438000e-01 
 4.649000e-01  6.439000e-01  7.775000e-01  6.826000e-01  9.982000e-01  5.638000e-01  1.757300e+00 -2.250000e-02 -1.580000e-02  2.011300e+00  4.970000e-02  1.671300e+00  4.476000e-01  4.080000e-01 
 5.782000e-01  6.300000e-03  9.617000e-01 -6.070000e-02  1.034800e+00  4.300000e-03  9.053000e-01  7.600000e-03  1.051300e+00  2.400000e-03  1.007700e+00 -1.158000e-01  5.201000e-01  7.200000e-03 
 7.918000e-01  3.077000e-01  5.134000e-01  9.919000e-01  2.700000e-01  7.473000e-01  4.521000e-01  1.058100e+00  2.535000e-01  7.352000e-01  4.208000e-01  1.096100e+00  2.795000e-01  4.604000e-01 
 5.928000e-01  5.222000e-01  1.003600e+00  4.579000e-01  1.078100e+00  5.070000e-01  1.647000e+00  9.860000e-02  2.106100e+00 -1.167000e-01  3.710000e-02  1.683300e+00  5.517000e-01  3.079000e-01 
 5.960000e-02  7.629000e-01  3.239000e-01  8.181000e-01  4.259000e-01  8.440000e-01  1.670200e+00  7.190000e-02 -2.630000e-02  2.035400e+00  9.080000e-02 -1.085000e-01  1.982000e-01  4.708000e-01 
 1.049800e+00  6.410000e-02  5.919000e-01  2.174000e-01  3.979000e-01  2.718000e-01  4.788000e-01  3.486000e-01  4.119000e-01  2.361000e-01  5.073000e-01  3.169000e-01  3.661000e-01  1.799000e-01 
 1.155500e+00 -5.990000e-02  1.190600e+00  2.981000e-01  9.963000e-01 -1.430000e-02  1.078900e+00  4.294000e-01  8.709000e-01  1.026000e-01  1.261800e+00  2.111000e-01  6.923000e-01  4.150000e-02 
 6.215000e-01  2.120000e-01  1.045100e+00  2.494000e-01  1.139400e+00  3.451000e-01  1.084900e+00  1.967000e-01  1.175900e+00  3.235000e-01  1.139200e+00  1.358000e-01  6.034000e-01  1.435000e-01 
 2.349000e-01  1.442000e-01  2.265000e-01  3.929000e-01  2.736000e-01  4.296000e-01  2.931000e-01  3.112000e-01  2.363000e-01  4.802000e-01  2.454000e-01  3.726000e-01  1.406000e-01  2.151000e-01 
 3.019000e-01  8.005000e-01  2.399000e-01  1.477400e+00  1.681000e-01  1.178700e+00  1.256000e-01  1.612900e+00  1.998000e-01  1.085000e+00  1.193000e-01  1.621700e+00  1.418000e-01  7.335000e-01 
 1.147600e+00 -4.770000e-02  6.603000e-01  5.889000e-01  4.982000e-01  4.222000e-01  6.575000e-01  5.907000e-01  5.041000e-01  3.874000e-01  5.851000e-01  6.789000e-01  4.479000e-01  2.445000e-01 
 1.101200e+00  7.300000e-03  8.426000e-01  1.042000e-01  6.891000e-01  5.540000e-02  9.469000e-01 -1.900000e-02  7.682000e-01 -6.170000e-02  8.742000e-01  6.580000e-02  5.727000e-01  2.010000e-02 
-4.210000e-02  6.206000e-01 -8.900000e-03  9.080000e-01  4.440000e-02  9.645000e-01  2.560000e-02  8.678000e-01  3.390000e-02  9.927000e-01  1.381000e-01  7.345000e-01  9.100000e-03  5.054000e-01 
 3.173000e-01  1.439000e-01  4.652000e-01  2.672000e-01  4.718000e-01  3.732000e-01  4.224000e-01  3.186000e-01  5.422000e-01  2.998000e-01  4.661000e-01  2.660000e-01  2.607000e-01  1.635000e-01 
 3.098000e-01  5.266000e-01  7.139000e-01  4.210000e-01  7.526000e-01  5.123000e-01  1.844200e+00 -1.276000e-01  4.160000e-02  1.950200e+00  3.560000e-02 -4.230000e-02  3.870000e-01  2.836000e-01 
 1.113300e+00 -1.020000e-02  6.586000e-01  3.186000e-01  5.528000e-01  2.098000e-01  6.548000e-01  3.203000e-01  4.692000e-01  2.883000e-01  5.417000e-01  4.562000e-01  4.591000e-01  1.485000e-01 
 1.120500e+00 -1.250000e-02  4.273000e-01  1.305000e+00  4.001000e-01  1.569000e+00  5.607000e-01  1.152400e+00  4.132000e-01  1.340800e+00  3.841000e-01  1.354200e+00  3.303000e-01  6.559000e-01 
 6.990000e-01  3.968000e-01  1.746000e-01  6.364000e-01  2.241000e-01  4.211000e-01  3.194000e-01  4.643000e-01  2.155000e-01  4.168000e-01  4.041000e-01  3.630000e-01  2.536000e-01  2.708000e-01 
 4.087000e-01  1.144000e-01  6.518000e-01  1.959000e-01  7.540000e-01  2.240000e-01  1.739300e+00 -8.900000e-03  4.300000e-03 -5.200000e-03 -2.820000e-02  3.580000e-02  3.589000e-01  1.307000e-01 
 8.990000e-02  4.962000e-01  1.670000e-01  7.478000e-01  1.831000e-01  8.579000e-01  1.603000e-01  7.559000e-01  1.481000e-01  9.170000e-01  1.539000e-01  7.605000e-01  6.710000e-02  4.654000e-01 
 7.275000e-01  8.800000e-02  1.026300e+00  2.773000e-01  1.203800e+00  2.712000e-01  1.026200e+00  2.689000e-01  1.253600e+00  2.343000e-01  9.783000e-01  3.308000e-01  5.823000e-01  1.706000e-01 
 5.495000e-01  5.437000e-01  2.686000e-01  7.107000e-01  1.793000e-01  5.921000e-01  2.232000e-01  7.645000e-01  2.558000e-01  4.846000e-01  3.518000e-01  6.074000e-01  2.065000e-01  4.018000e-01 
 5.979000e-01  2.631000e-01  9.246000e-01  2.454000e-01  1.040700e+00  2.497000e-01  1.743200e+00 -1.210000e-02  2.035700e+00 -4.280000e-02  5.510000e-02 -6.860000e-02  5.446000e-01  1.450000e-01 
 4.053000e-01  3.193000e-01  7.128000e-01  4.065000e-01  6.600000e-01  6.450000e-01  6.435000e-01  4.922000e-01  7.326000e-01  5.784000e-01  6.610000e-01  4.686000e-01  3.683000e-01  2.864000e-01 
 3.101000e-01  7.882000e-01  2.058000e-01  6.524000e-01  1.578000e-01  5.337000e-01  1.578000e-01  7.100000e-01  1.407000e-01  5.390000e-01  1.659000e-01  7.029000e-01  1.362000e-01  4.268000e-01 
 3.448000e-01  7.733000e-01  2.226000e-01  3.745000e-01  1.856000e-01  3.102000e-01  2.002000e-01  3.992000e-01  2.583000e-01  2.151000e-01  1.775000e-01  4.266000e-01  1.738000e-01  2.538000e-01 
 1.163000e-01  6.281000e-01  6.240000e-02  1.128500e+00  1.577000e-01  1.181700e+00  8.570000e-02  1.103700e+00  1.171000e-01  1.252400e+00  2.270000e-01  9.335000e-01  7.730000e-02  6.036000e-01 
 1.841000e-01  9.089000e-01  9.620000e-02  1.631700e+00  3.060000e-02  1.153200e+00  4.420000e-02  1.694200e+00  1.440000e-02  1.136600e+00  9.730000e-02  1.630200e+00  6.780000e-02  7.479000e-01 
 2.871000e-01  4.391000e-01  5.545000e-01  5.586000e-01  5.610000e-01  7.182000e-01  6.155000e-01  4.853000e-01  6.982000e-01  5.763000e-01  5.284000e-01  5.929000e-01  3.306000e-01  3.102000e-01 
 6.266000e-01  4.869000e-01  8.659000e-01  8.900000e-01  1.030200e+00  9.553000e-01  1.955700e+00 -2.583000e-01  1.954300e+00  5.250000e-02  1.870000e-02  1.709700e+00  5.739000e-01  4.255000e-01 
 2.521000e-01  5.208000e-01  4.874000e-01  6.131000e-01  7.096000e-01  4.927000e-01  1.693000e+00  4.670000e-02  2.250000e-02  1.967700e+00  1.410000e-02 -1.790000e-02  2.880000e-01  3.549000e-01 
 1.115700e+00 -1.130000e-02  5.825000e-01  6.135000e-01  6.044000e-01  2.598000e-01  5.369000e-01  6.677000e-01  5.063000e-01  3.521000e-01  5.327000e-01  6.701000e-01  4.238000e-01  2.538000e-01 
 4.343000e-01  2.892000e-01  6.943000e-01  4.379000e-01  8.366000e-01  4.458000e-01  8.259000e-01  2.838000e-01  8.670000e-01  4.263000e-01  7.693000e-01  3.494000e-01  4.452000e-01  2.014000e-01 
 3.767000e-01  6.610000e-01  7.348000e-01  6.040000e-01  9.230000e-01  5.251000e-01  1.740300e+00 -4.500000e-03 -4.600000e-02  2.054200e+00  2.160000e-02 -2.470000e-02  4.012000e-01  3.929000e-01 
 1.776000e-01  9.447000e-01  6.292000e-01  9.101000e-01  7.055000e-01  9.575000e-01  1.797300e+00 -8.050000e-02 -8.980000e-02  2.111000e+00 -2.000000e-03  1.733600e+00  3.322000e-01  5.643000e-01 
 2.923000e-01  5.579000e-01  3.704000e-01  9.829000e-01  3.558000e-01  1.191800e+00  3.351000e-01  1.025100e+00  3.176000e-01  1.266500e+00  3.619000e-01  9.876000e-01  1.767000e-01  6.106000e-01 
 1.100500e+00  6.600000e-03  4.421000e-01  8.560000e-01  3.823000e-01  5.487000e-01  4.909000e-01  7.966000e-01  3.241000e-01  5.907000e-01  5.004000e-01  7.838000e-01  3.299000e-01  3.734000e-01 
 1.048000e+00  6.760000e-02  7.788000e-01  9.475000e-01  6.592000e-01  1.156800e+00  7.752000e-01  9.544000e-01  6.585000e-01  9.674000e-01  7.535000e-01  9.787000e-01  5.198000e-01  4.468000e-01 
 6.970000e-02  9.352000e-01  2.593000e-01  1.061000e+00  3.419000e-01  1.108000e+00  7.300000e-03  1.719100e+00 -7.600000e-03  2.004800e+00  3.520000e-02 -4.400000e-02  1.164000e-01  6.692000e-01 
 3.260000e-01  2.160000e-01  7.528000e-01  7.900000e-02  7.924000e-01  1.742000e-01  1.687000e+00  5.020000e-02 -3.940000e-02  4.670000e-02 -6.030000e-02  7.090000e-02  4.082000e-01  7.520000e-02 
 1.050000e-01  6.663000e-01  3.348000e-01  7.601000e-01  5.875000e-01  6.110000e-01  1.713200e+00  2.610000e-02  1.228000e-01  1.855500e+00 -2.320000e-02  2.860000e-02  2.201000e-01  4.189000e-01 
 1.002700e+00  1.252000e-01  6.166000e-01  4.814000e-01  4.798000e-01  3.617000e-01  7.088000e-01  3.755000e-01  5.636000e-01  2.377000e-01  6.239000e-01  4.772000e-01  4.345000e-01  2.159000e-01 
 4.496000e-01  2.169000e-01  6.392000e-01  3.630000e-01  8.200000e-01  2.899000e-01  1.770400e+00 -4.520000e-02 -1.100000e-02  2.011200e+00  1.760000e-02 -1.910000e-02  4.239000e-01  1.501000e-01 
 4.926000e-01  6.137000e-01  3.186000e-01  1.404600e+00  2.477000e-01  1.260500e+00  1.928000e-01  1.552100e+00  2.102000e-01  1.225200e+00  2.542000e-01  1.481800e+00  2.139000e-01  7.059000e-01 
 1.138700e+00 -4.270000e-02  8.879000e-01  1.301000e-01  6.693000e-01  1.269000e-01  8.105000e-01  2.219000e-01  6.306000e-01  1.497000e-01  8.711000e-01  1.517000e-01  5.312000e-01  9.750000e-02 
 9.711000e-01  1.022000e-01  1.494600e+00  2.016000e-01  1.763500e+00  1.583000e-01  1.554200e+00  1.290000e-01  1.834300e+00  1.014000e-01  1.488900e+00  2.066000e-01  8.892000e-01  8.380000e-02 
 2.105000e-01  1.522000e-01  5.753000e-01  9.360000e-02  6.696000e-01  1.234000e-01  1.763000e+00 -3.660000e-02  4.100000e-03 -4.000000e-03 -1.860000e-02  2.320000e-02  3.220000e-01  5.130000e-02 
 5.364000e-01  5.697000e-01  2.754000e-01  1.459900e+00  2.340000e-01  9.770000e-01  2.480000e-01  1.489200e+00  3.099000e-01  8.484000e-01  2.989000e-01  1.428300e+00  2.200000e-01  6.076000e-01 
 1.165300e+00 -7.410000e-02  4.147000e-01  6.831000e-01  3.322000e-01  5.073000e-01  4.404000e-01  6.515000e-01  3.882000e-01  4.203000e-01  3.910000e-01  7.064000e-01  3.222000e-01  3.256000e-01 
 5.929000e-01  4.753000e-01  7.672000e-01  9.424000e-01  8.572000e-01  1.086400e+00  7.978000e-01  8.958000e-01  9.469000e-01  1.005600e+00  7.537000e-01  9.506000e-01  4.475000e-01  5.341000e-01 
 1.982000e-01  7.611000e-01  4.901000e-01  7.844000e-01  6.065000e-01  7.851000e-01  1.734700e+00 -4.100000e-03  9.350000e-02  1.890800e+00 -3.790000e-02  4.530000e-02  2.528000e-01  5.018000e-01 
 1.546000e-01  4.171000e-01  2.119000e-01  6.868000e-01  2.017000e-01  8.355000e-01  3.120000e-01  5.704000e-01  2.865000e-01  7.473000e-01  2.101000e-01  6.932000e-01  1.401000e-01  3.778000e-01 
 5.030000e-02  4.674000e-01  7.340000e-02  7.643000e-01  2.045000e-01  7.558000e-01 -4.600000e-03  1.736500e+00 -6.460000e-02  7.550000e-02 -1.480000e-02  1.930000e-02  5.150000e-02  4.315000e-01 
 1.041000e-01  6.762000e-01  3.926000e-01  7.050000e-01  5.157000e-01  7.068000e-01  1.774500e+00 -5.130000e-02  3.810000e-02  1.958000e+00 -2.210000e-02  2.530000e-02  2.124000e-01  4.345000e-01 
 6.700000e-03  5.981000e-01 -6.650000e-02  1.033500e+00 -2.740000e-02  1.112100e+00  3.610000e-02  9.109000e-01  1.080000e-02  1.085600e+00 -6.430000e-02  1.026400e+00  6.900000e-03  5.412000e-01 
 2.601000e-01  8.426000e-01  1.748000e-01  5.536000e-01  1.488000e-01  4.436000e-01  2.177000e-01  4.987000e-01  1.135000e-01  4.778000e-01  1.067000e-01  6.321000e-01  1.217000e-01  3.789000e-01 
 7.495000e-01  3.638000e-01  3.087000e-01  7.132000e-01  2.289000e-01  5.704000e-01  4.013000e-01  5.987000e-01  4.147000e-01  3.338000e-01  3.795000e-01  6.300000e-01  2.800000e-01  3.398000e-01 
 2.536000e-01  3.032000e-01  3.890000e-01  4.836000e-01  4.285000e-01  5.635000e-01  4.099000e-01  4.558000e-01  5.144000e-01  4.786000e-01  3.665000e-01  5.107000e-01  2.354000e-01  2.655000e-01 
 1.108700e+00 -1.400000e-03  6.231000e-01  1.103400e+00  5.175000e-01  5.217000e-01  5.151000e-01  1.232300e+00  5.308000e-01  4.732000e-01  4.814000e-01  1.269600e+00  4.136000e-01  3.438000e-01 
 1.243000e-01  8.552000e-01  2.607000e-01  1.254300e+00  2.224000e-01  1.517600e+00  2.060000e-01  1.322800e+00  2.795000e-01  1.476000e+00  3.078000e-01  1.201100e+00  1.504000e-01  7.250000e-01 
 9.213000e-01  1.830000e-01  1.271100e+00  2.182000e-01  1.436000e+00  1.685000e-01  1.739100e+00 -6.500000e-03  2.118200e+00 -1.382000e-01  2.510000e-02  1.703800e+00  7.304000e-01  1.416000e-01 
 4.906000e-01  2.284000e-01  7.607000e-01  3.695000e-01  7.548000e-01  5.566000e-01  8.102000e-01  3.068000e-01  8.265000e-01  4.896000e-01  7.111000e-01  4.283000e-01  4.367000e-01  2.166000e-01 
 5.023000e-01  2.296000e-01  8.095000e-01  3.391000e-01  8.645000e-01  4.546000e-01  7.044000e-01  4.620000e-01  8.431000e-01  5.025000e-01  7.605000e-01  3.984000e-01  4.166000e-01  2.559000e-01 
 1.156500e+00 -5.760000e-02  6.427000e-01  1.085200e+00  4.490000e-01  9.378000e-01  5.651000e-01  1.172700e+00  4.125000e-01  9.192000e-01  6.713000e-01  1.048000e+00  4.359000e-01  4.478000e-01 
 3.471000e-01  4.969000e-01  5.672000e-01  6.026000e-01  6.693000e-01  6.248000e-01  1.642200e+00  1.036000e-01  2.180000e-02  1.976600e+00 -6.900000e-03  6.900000e-03  3.297000e-01  3.596000e-01 
 1.772000e-01  7.112000e-01  3.103000e-01  1.079600e+00  2.551000e-01  1.339400e+00  2.338000e-01  1.168600e+00  3.075000e-01  1.305000e+00  2.437000e-01  1.153100e+00  1.468000e-01  6.600000e-01 
 4.819000e-01  5.060000e-01  7.012000e-01  8.559000e-01  8.285000e-01  9.376000e-01  6.944000e-01  8.615000e-01  7.004000e-01  1.112700e+00  7.276000e-01  8.193000e-01  4.284000e-01  4.650000e-01 
 4.597000e-01  2.749000e-01  7.482000e-01  3.990000e-01  9.198000e-01  3.746000e-01  7.880000e-01  3.529000e-01  8.253000e-01  5.067000e-01  7.385000e-01  4.140000e-01  4.344000e-01  2.271000e-01 
 4.523000e-01  6.470000e-01  2.413000e-01  1.312200e+00  1.894000e-01  8.252000e-01  1.803000e-01  1.379300e+00  1.961000e-01  7.919000e-01  1.998000e-01  1.361800e+00  1.884000e-01  5.538000e-01 
 4.270000e-02  6.164000e-01  1.516000e-01  8.657000e-01  8.410000e-02  1.095600e+00  1.261000e-01  8.992000e-01  1.549000e-01  1.029100e+00  7.630000e-02  9.625000e-01  3.020000e-02  5.699000e-01 
 4.810000e-02  6.301000e-01  3.641000e-01  6.274000e-01  4.213000e-01  6.975000e-01  4.650000e-02  1.677500e+00 -2.970000e-02  2.037900e+00  1.500000e-03 -2.200000e-03  1.792000e-01  4.041000e-01 
-5.410000e-02  8.424000e-01  2.830000e-01  8.134000e-01  4.024000e-01  8.135000e-01  6.600000e-03  1.724300e+00 -8.130000e-02  2.099400e+00 -3.590000e-02  4.370000e-02  1.669000e-01  4.733000e-01 
 1.492000e-01  9.433000e-01  4.581000e-01  1.263300e+00  4.340000e-01  1.517700e+00  1.692600e+00  4.630000e-02 -5.270000e-02  2.056400e+00 -1.043000e-01  1.855000e+00  2.145000e-01  7.789000e-01 
 5.950000e-01  5.037000e-01  8.418000e-01  6.593000e-01  1.035600e+00  5.684000e-01  1.736200e+00 -4.000000e-03  1.998700e+00  2.900000e-03  7.450000e-02  1.641700e+00  5.081000e-01  3.627000e-01 
 1.041200e+00  7.690000e-02  3.429000e-01  5.131000e-01  4.083000e-01  2.563000e-01  4.457000e-01  3.872000e-01  3.686000e-01  2.875000e-01  4.201000e-01  4.196000e-01  3.165000e-01  2.346000e-01 
 5.750000e-01  9.830000e-02  7.359000e-01  3.524000e-01  9.226000e-01  3.027000e-01  7.922000e-01  2.849000e-01  9.758000e-01  2.588000e-01  8.202000e-01  2.514000e-01  4.557000e-01  1.661000e-01 
 2.356000e-01  2.608000e-01  3.491000e-01  4.312000e-01  5.015000e-01  3.656000e-01  3.259000e-01  4.589000e-01  3.623000e-01  5.480000e-01  3.415000e-01  4.391000e-01  2.121000e-01  2.362000e-01 
-4.400000e-03  5.750000e-02  2.999000e-01  5.590000e-02  3.436000e-01  1.495000e-01  6.220000e-02 -7.260000e-02  3.770000e-02 -4.620000e-02 -1.930000e-02  2.460000e-02  1.388000e-01  5.610000e-02 
 3.853000e-01  2.266000e-01  6.398000e-01  2.940000e-01  7.465000e-01  3.086000e-01  1.889800e+00 -1.804000e-01  2.080000e-02  1.977300e+00 -1.660000e-02  1.840000e-02  3.421000e-01  2.053000e-01 
 5.732000e-01  9.820000e-02  9.495000e-01  2.150000e-02  1.010600e+00  9.040000e-02  1.689700e+00  5.020000e-02  1.855100e+00  1.663000e-01 -1.440000e-02  1.560000e-02  5.282000e-01  4.370000e-02 
 5.975000e-01  9.590000e-02  8.709000e-01  2.277000e-01  9.448000e-01  3.096000e-01  8.984000e-01  1.909000e-01  1.040400e+00  2.144000e-01  8.695000e-01  2.280000e-01  4.989000e-01  1.341000e-01 
 1.161700e+00 -6.800000e-02  5.103000e-01  1.213400e+00  4.322000e-01  6.767000e-01  5.040000e-01  1.219600e+00  3.956000e-01  6.859000e-01  5.204000e-01  1.201400e+00  3.472000e-01  4.431000e-01 
 1.021700e+00  9.880000e-02  4.318000e-01  4.948000e-01  3.271000e-01  4.096000e-01  4.788000e-01  4.344000e-01  3.361000e-01  3.875000e-01  4.107000e-01  5.175000e-01  3.394000e-01  2.462000e-01 
 9.910000e-02  6.097000e-01  1.928000e-01  9.126000e-01  2.849000e-01  9.650000e-01  1.819000e-01  9.313000e-01  2.587000e-01  1.014800e+00  2.217000e-01  8.827000e-01  1.360000e-01  4.989000e-01 
 4.196000e-01  4.070000e-01  8.509000e-01  2.705000e-01  8.090000e-01  4.584000e-01  1.633500e+00  1.120000e-01 -6.650000e-02  2.080700e+00  1.660000e-02 -1.950000e-02  4.122000e-01  2.621000e-01 
 6.442000e-01  4.657000e-01  2.805000e-01  9.211000e-01  3.062000e-01  5.754000e-01  3.203000e-01  8.736000e-01  3.428000e-01  5.107000e-01  2.195000e-01  9.937000e-01  2.591000e-01  4.182000e-01 
 1.083000e-01  3.704000e-01  2.198000e-01  5.239000e-01  1.973000e-01  6.579000e-01  1.038000e-01  6.641000e-01  2.724000e-01  5.815000e-01  2.600000e-01  4.734000e-01  9.710000e-02  3.372000e-01 
 1.143400e+00 -4.700000e-02  6.394000e-01  1.084000e+00  5.072000e-01  8.219000e-01  7.274000e-01  9.770000e-01  4.117000e-01  8.792000e-01  6.133000e-01  1.115600e+00  4.261000e-01  4.439000e-01 
 4.894000e-01  2.322000e-01  9.444000e-01  1.599000e-01  1.136500e+00  1.100000e-01  9.970000e-01  9.400000e-02  1.083900e+00  1.925000e-01  9.986000e-01  9.700000e-02  5.573000e-01  7.900000e-02 
 6.940000e-02  4.496000e-01  3.861000e-01  4.431000e-01  5.083000e-01  4.420000e-01  1.722500e+00  8.000000e-03 -2.180000e-02  2.580000e-02 -1.260000e-02  1.530000e-02  2.012000e-01  2.778000e-01 
 4.709000e-01  1.637000e-01  7.540000e-01  2.368000e-01  9.168000e-01  1.987000e-01  7.055000e-01  2.919000e-01  8.799000e-01  2.597000e-01  6.879000e-01  3.119000e-01  4.364000e-01  1.345000e-01 
 3.695000e-01  7.475000e-01  7.178000e-01  7.092000e-01  8.749000e-01  6.676000e-01  1.720000e+00  6.400000e-03 -9.800000e-03  2.015000e+00  5.230000e-02  1.671600e+00  4.293000e-01  4.062000e-01 
 2.833000e-01  6.929000e-01  3.343000e-01  1.207300e+00  4.848000e-01  1.259600e+00  4.201000e-01  1.108400e+00  4.528000e-01  1.313000e+00  3.483000e-01  1.200200e+00  2.231000e-01  6.640000e-01 
 3.249000e-01  2.663000e-01  2.135000e-01  8.380000e-02  2.176000e-01  3.230000e-02  1.633000e-01  1.440000e-01  1.643000e-01  8.870000e-02  2.186000e-01  7.850000e-02  1.557000e-01  8.340000e-02 
 2.509000e-01  4.415000e-01  3.253000e-01  7.774000e-01  3.237000e-01  9.379000e-01  2.093000e-01  9.146000e-01  3.470000e-01  9.313000e-01  2.318000e-01  8.854000e-01  1.571000e-01  4.836000e-01 
 4.089000e-01  3.129000e-01  5.581000e-01  5.068000e-01  8.138000e-01  3.462000e-01  1.677900e+00  6.840000e-02  2.080000e-02  1.974000e+00 -2.290000e-02  2.710000e-02  3.926000e-01  2.173000e-01 
 6.643000e-01  4.440000e-01  4.709000e-01  3.021000e-01  3.044000e-01  3.373000e-01  3.318000e-01  4.683000e-01  2.892000e-01  3.421000e-01  3.202000e-01  4.828000e-01  2.603000e-01  2.726000e-01 
 1.089800e+00  1.820000e-02  4.522000e-01  1.280700e+00  2.793000e-01  9.139000e-01  4.674000e-01  1.263400e+00  4.811000e-01  6.379000e-01  5.040000e-01  1.218100e+00  3.527000e-01  4.602000e-01 
 7.746000e-01  2.773000e-01  1.262500e+00  3.768000e-01  1.368200e+00  5.105000e-01  1.176300e+00  4.776000e-01  1.362200e+00  5.502000e-01  1.244100e+00  4.004000e-01  7.037000e-01  2.478000e-01 
 1.214400e+00 -1.345000e-01  5.728000e-01  8.045000e-01  4.732000e-01  4.932000e-01  5.432000e-01  8.459000e-01  4.365000e-01  5.079000e-01  6.445000e-01  7.233000e-01  4.171000e-01  3.019000e-01 
 1.020300e+00  1.023000e-01  1.339900e+00  3.863000e-01  8.918000e-01  4.010000e-01  1.400000e+00  3.113000e-01  9.264000e-01  3.066000e-01  1.256800e+00  4.880000e-01  7.044000e-01  1.491000e-01 
-8.000000e-04  8.211000e-01  2.361000e-01  9.075000e-01  3.880000e-01  8.679000e-01 -2.060000e-02  1.757600e+00 -1.680000e-02  2.020600e+00 -5.400000e-02  6.580000e-02  1.555000e-01  5.119000e-01 
 8.590000e-02  5.093000e-01  1.094000e-01  8.284000e-01  1.888000e-01  8.672000e-01  2.009000e-01  7.242000e-01  3.171000e-01  7.291000e-01  2.109000e-01  7.078000e-01  1.055000e-01  4.283000e-01 
 5.585000e-01  4.104000e-01  9.091000e-01  6.040000e-01  9.648000e-01  7.640000e-01  8.639000e-01  6.560000e-01  9.755000e-01  7.808000e-01  9.222000e-01  5.776000e-01  4.978000e-01  3.786000e-01 
 6.952000e-01  9.790000e-02  1.119200e+00  1.273000e-01  1.299400e+00  1.131000e-01  1.206300e+00  2.280000e-02  1.367300e+00  5.920000e-02  1.061200e+00  1.961000e-01  6.713000e-01  4.250000e-02 
-2.900000e-02  6.100000e-01  1.768000e-01  7.117000e-01  2.572000e-01  7.548000e-01 -4.300000e-02  1.783800e+00 -1.134000e-01  2.131000e+00  2.780000e-02 -3.580000e-02  9.120000e-02  4.239000e-01 
 6.690000e-02  1.033000e+00  5.470000e-02  4.185000e-01  6.780000e-02  3.254000e-01  1.660000e-02  4.632000e-01  3.370000e-02  3.636000e-01  6.200000e-03  4.806000e-01  1.390000e-02  3.445000e-01 
 4.392000e-01  1.730000e-01  7.467000e-01  1.972000e-01  7.673000e-01  3.279000e-01  8.360000e-01  9.120000e-02  8.220000e-01  2.830000e-01  7.616000e-01  1.845000e-01  4.333000e-01  1.134000e-01 
 1.127900e+00 -2.750000e-02  1.157800e+00  5.609000e-01  8.199000e-01  7.000000e-01  1.071100e+00  6.639000e-01  8.206000e-01  6.127000e-01  1.003100e+00  7.467000e-01  6.514000e-01  2.694000e-01 
 8.172000e-01  2.907000e-01  3.781000e-01  1.356400e+00  3.831000e-01  1.575800e+00  5.063000e-01  1.203100e+00  3.232000e-01  1.481600e+00  5.606000e-01  1.139900e+00  2.864000e-01  7.047000e-01 
 3.522000e-01  3.816000e-01  6.513000e-01  4.030000e-01  8.796000e-01  2.741000e-01  1.853000e+00 -1.437000e-01  2.020000e-02  1.981500e+00  4.100000e-02 -4.790000e-02  4.054000e-01  2.034000e-01 
 6.243000e-01  3.136000e-01  9.404000e-01  5.338000e-01  1.054800e+00  6.177000e-01  1.003000e+00  4.583000e-01  1.125700e+00  5.655000e-01  8.917000e-01  5.895000e-01  5.389000e-01  3.107000e-01 
 1.032000e-01  2.145000e-01  2.228000e-01  2.618000e-01  2.334000e-01  3.197000e-01  2.795000e-01  1.928000e-01  2.514000e-01  3.102000e-01  2.510000e-01  2.285000e-01  1.353000e-01  1.438000e-01 
 9.120000e-02  4.763000e-01  8.260000e-02  8.195000e-01  1.323000e-01  8.828000e-01  1.208000e-01  7.711000e-01  1.502000e-01  8.749000e-01  8.230000e-02  8.164000e-01  4.590000e-02  4.733000e-01 
 8.400000e-03  5.233000e-01  3.114000e-01  5.303000e-01  3.548000e-01  6.212000e-01 -7.810000e-02  1.824600e+00 -1.500000e-02  1.630000e-02  1.900000e-02 -2.190000e-02  1.548000e-01  3.324000e-01 
 3.621000e-01  3.948000e-01  5.814000e-01  5.091000e-01  7.371000e-01  4.622000e-01  1.827200e+00 -1.137000e-01  2.880000e-02  1.964000e+00 -9.400000e-03  1.210000e-02  3.026000e-01  3.417000e-01 
 3.580000e-01  2.763000e-01  4.854000e-01  5.267000e-01  6.305000e-01  5.067000e-01  6.041000e-01  3.864000e-01  6.265000e-01  5.287000e-01  5.911000e-01  4.011000e-01  3.291000e-01  2.458000e-01 
 3.187000e-01  7.551000e-01  4.209000e-01  1.268700e+00  6.258000e-01  1.271600e+00  6.451000e-01  1.001000e+00  5.475000e-01  1.395100e+00  5.579000e-01  1.113300e+00  3.066000e-01  6.586000e-01 
 1.185000e-01  7.796000e-01  2.708000e-01  1.118500e+00  3.414000e-01  1.232300e+00  2.990000e-01  1.083900e+00  4.309000e-01  1.150900e+00  3.358000e-01  1.039400e+00  1.932000e-01  6.014000e-01 
 1.116200e+00 -1.300000e-02  5.206000e-01  2.610000e-02  4.651000e-01 -1.630000e-02  5.007000e-01  4.660000e-02  4.346000e-01  1.190000e-02  4.827000e-01  6.850000e-02  3.726000e-01  2.650000e-02 
 8.306000e-01  9.530000e-02  1.104800e+00  3.818000e-01  1.345200e+00  3.360000e-01  1.102500e+00  3.846000e-01  1.274300e+00  4.425000e-01  1.127500e+00  3.547000e-01  6.521000e-01  2.045000e-01 
 1.156300e+00 -6.370000e-02  9.582000e-01  7.839000e-01  8.017000e-01  5.624000e-01  1.087200e+00  6.377000e-01  7.981000e-01  5.080000e-01  9.966000e-01  7.431000e-01  6.323000e-01  2.479000e-01 
 1.113700e+00 -1.060000e-02  5.751000e-01  8.128000e-01  5.425000e-01  4.148000e-01  5.360000e-01  8.606000e-01  6.221000e-01  2.954000e-01  6.010000e-01  7.833000e-01  4.364000e-01  2.829000e-01 
-7.000000e-04  1.000200e+00  6.240000e-02  1.491200e+00  3.840000e-02  1.734700e+00  1.108000e-01  1.435400e+00  1.197000e-01  1.670000e+00 -2.700000e-03  1.567500e+00  3.070000e-02  8.685000e-01 
 1.240000e-01  9.872000e-01  1.695000e-01  5.126000e-01  1.271000e-01  4.343000e-01  1.380000e-02  6.953000e-01  2.270000e-02  5.462000e-01  1.374000e-01  5.482000e-01  7.740000e-02  4.041000e-01 
 4.141000e-01  6.719000e-01  2.314000e-01  1.497700e+00  2.280000e-01  9.137000e-01  2.178000e-01  1.504500e+00  1.092000e-01  1.019000e+00  1.247000e-01  1.614500e+00  1.445000e-01  6.616000e-01 
 6.177000e-01  1.427000e-01  9.623000e-01  1.017000e-01  1.103000e+00  7.800000e-02  1.600300e+00  1.562000e-01  1.871500e+00  1.531000e-01  2.210000e-02 -2.600000e-02  5.527000e-01  7.560000e-02 
 1.059300e+00  5.470000e-02  9.245000e-01  3.887000e-01  7.576000e-01  1.769000e-01  9.578000e-01  3.412000e-01  7.952000e-01  1.095000e-01  1.041500e+00  2.450000e-01  6.124000e-01  9.040000e-02 
 9.449000e-01  1.353000e-01  3.213000e-01  1.421500e+00  3.429000e-01  7.263000e-01  3.767000e-01  1.351400e+00  3.432000e-01  6.875000e-01  3.776000e-01  1.354700e+00  2.832000e-01  4.873000e-01 
 6.301000e-01  4.748000e-01  4.008000e-01  9.958000e-01  2.741000e-01  6.979000e-01  3.320000e-01  1.073400e+00  3.438000e-01  5.908000e-01  3.196000e-01  1.086800e+00  2.474000e-01  4.766000e-01 
 1.978000e-01  9.140000e-01  1.938000e-01  4.248000e-01  6.020000e-02  4.722000e-01  9.960000e-02  5.354000e-01  7.210000e-02  4.447000e-01  1.717000e-01  4.529000e-01  1.206000e-01  3.249000e-01 
 2.309000e-01  2.064000e-01  6.680000e-01  5.680000e-02  6.932000e-01  1.725000e-01  1.859700e+00 -1.525000e-01 -3.130000e-02  3.630000e-02  5.910000e-02 -7.020000e-02  3.368000e-01  8.280000e-02 
 2.211000e-01  7.943000e-01  6.555000e-01  6.537000e-01  6.771000e-01  7.673000e-01  1.808700e+00 -8.840000e-02  7.200000e-03  1.994200e+00 -1.680000e-02  1.970000e-02  3.111000e-01  4.701000e-01 
 2.125000e-01  6.560000e-01  4.932000e-01  6.953000e-01  6.084000e-01  6.982000e-01  1.701900e+00  3.800000e-02 -5.100000e-02  2.060000e+00 -4.300000e-03  2.300000e-03  2.587000e-01  4.444000e-01 
 5.390000e-02  1.055300e+00  1.167000e-01  5.124000e-01 -7.110000e-02  6.230000e-01  1.115000e-01  5.170000e-01  3.800000e-02  4.834000e-01  6.440000e-02  5.757000e-01  3.960000e-02  4.136000e-01 
 2.916000e-01  2.618000e-01  3.233000e-01  5.671000e-01  5.434000e-01  4.386000e-01  4.561000e-01  4.079000e-01  4.168000e-01  6.065000e-01  3.949000e-01  4.845000e-01  2.435000e-01  2.603000e-01 
 3.046000e-01  1.198000e-01  5.786000e-01  1.665000e-01  7.735000e-01  8.260000e-02  1.760100e+00 -3.140000e-02  2.880000e-02 -3.630000e-02 -2.370000e-02  2.720000e-02  3.292000e-01  9.370000e-02 
 1.812000e-01  5.192000e-01  4.632000e-01  5.597000e-01  6.344000e-01  4.976000e-01  1.709800e+00  2.520000e-02 -7.980000e-02  2.089700e+00 -4.440000e-02  5.320000e-02  2.372000e-01  3.645000e-01 
 3.179000e-01  4.891000e-01  7.155000e-01  3.883000e-01  7.770000e-01  4.547000e-01  1.566300e+00  1.949000e-01  5.830000e-02  1.927600e+00  3.480000e-02 -4.360000e-02  3.791000e-01  2.744000e-01 
 1.477000e-01  4.547000e-01  2.569000e-01  6.831000e-01  2.450000e-01  8.360000e-01  3.765000e-01  5.412000e-01  2.740000e-01  8.186000e-01  1.857000e-01  7.708000e-01  1.411000e-01  4.037000e-01 
 2.131000e-01  6.178000e-01  6.259000e-01  4.974000e-01  7.543000e-01  4.947000e-01  1.708600e+00  2.940000e-02  4.010000e-02  1.945600e+00  2.130000e-02 -2.470000e-02  3.206000e-01  3.490000e-01 
 1.050800e+00  6.520000e-02  4.232000e-01  8.030000e-02  3.003000e-01  1.362000e-01  3.865000e-01  1.220000e-01  3.645000e-01  4.690000e-02  4.060000e-01  9.850000e-02  3.132000e-01  6.030000e-02 
 2.090000e-02  7.060000e-01  2.470000e-01  8.011000e-01  3.740000e-01  7.966000e-01 -3.690000e-02  1.777300e+00  4.610000e-02  1.946200e+00 -2.460000e-02  2.910000e-02  1.503000e-01  4.630000e-01 
 4.137000e-01  2.892000e-01  4.493000e-01  6.976000e-01  7.307000e-01  5.271000e-01  5.331000e-01  5.940000e-01  5.688000e-01  7.422000e-01  5.595000e-01  5.605000e-01  3.348000e-01  3.115000e-01 
 5.298000e-01  6.420000e-02  6.824000e-01  2.788000e-01  7.870000e-01  3.054000e-01  6.489000e-01  3.206000e-01  8.537000e-01  2.453000e-01  7.167000e-01  2.387000e-01  4.121000e-01  1.402000e-01 
 4.221000e-01  3.664000e-01  7.573000e-01  4.597000e-01  8.641000e-01  5.222000e-01  7.522000e-01  4.671000e-01  8.513000e-01  5.595000e-01  7.478000e-01  4.688000e-01  4.424000e-01  2.608000e-01 
 4.622000e-01  1.290000e-01  7.078000e-01  2.222000e-01  7.751000e-01  2.817000e-01  7.012000e-01  2.305000e-01  8.362000e-01  2.308000e-01  6.095000e-01  3.373000e-01  3.959000e-01  1.415000e-01 
 6.361000e-01  8.160000e-02  9.489000e-01  1.881000e-01  1.033400e+00  2.630000e-01  9.601000e-01  1.715000e-01  1.003700e+00  3.191000e-01  1.146200e+00 -4.830000e-02  5.663000e-01  8.560000e-02 
 2.930000e-01  5.022000e-01  7.152000e-01  3.739000e-01  7.363000e-01  4.900000e-01  1.759500e+00 -3.130000e-02 -6.460000e-02  2.074000e+00  4.020000e-02 -4.750000e-02  3.524000e-01  2.979000e-01 
 4.311000e-01  1.810000e-01  8.205000e-01  9.240000e-02  1.006300e+00  1.160000e-02  1.695800e+00  3.640000e-02 -8.400000e-03  2.010900e+00 -5.130000e-02  6.280000e-02  4.713000e-01  5.760000e-02 
 3.465000e-01  1.600000e-01  6.633000e-01  1.569000e-01  7.640000e-01  1.793000e-01  1.622700e+00  1.281000e-01  1.860000e-02 -2.340000e-02 -2.300000e-03  2.000000e-03  3.697000e-01  1.015000e-01 
 9.872000e-01 -1.126000e-01  1.332000e+00  7.640000e-02  1.548500e+00  5.010000e-02  1.269100e+00  1.510000e-01  1.585700e+00  2.980000e-02  1.368100e+00  3.380000e-02  7.755000e-01  3.590000e-02 
 2.610000e-01  7.540000e-01  6.275000e-01  6.880000e-01  6.739000e-01  7.751000e-01  1.638600e+00  1.087000e-01  5.130000e-02  1.938700e+00  4.940000e-02 -5.850000e-02  3.284000e-01  4.529000e-01 
 2.109000e-01  6.045000e-01  2.995000e-01  9.821000e-01  5.221000e-01  9.051000e-01  3.581000e-01  9.091000e-01  4.162000e-01  1.046800e+00  3.561000e-01  9.154000e-01  1.993000e-01  5.354000e-01 
 5.272000e-01  1.323000e-01  1.047100e+00 -1.195000e-01  1.095700e+00 -3.110000e-02  1.817900e+00 -1.026000e-01  1.931500e+00  7.750000e-02  6.700000e-03 -8.200000e-03  5.379000e-01  1.850000e-02 
 2.795000e-01  5.918000e-01  4.382000e-01  9.261000e-01  5.119000e-01  1.035300e+00  4.693000e-01  8.914000e-01  5.577000e-01  1.006300e+00  3.827000e-01  9.897000e-01  2.396000e-01  5.500000e-01 
 7.918000e-01 -6.760000e-02  9.720000e-01  9.020000e-02  1.069100e+00  1.199000e-01  1.781500e+00 -5.860000e-02  1.962800e+00  4.390000e-02  2.400000e-02 -2.710000e-02  5.785000e-01  4.470000e-02 
 1.210900e+00 -1.261000e-01  5.953000e-01  1.149400e+00  5.685000e-01  9.512000e-01  6.746000e-01  1.050000e+00  5.015000e-01  9.448000e-01  6.418000e-01  1.093700e+00  4.564000e-01  4.655000e-01 
 4.166000e-01 -2.610000e-02  7.158000e-01 -8.600000e-03  8.091000e-01  2.500000e-02  1.774000e+00 -4.670000e-02 -6.200000e-03  6.800000e-03 -6.670000e-02  7.770000e-02  3.702000e-01  3.560000e-02 
 1.066400e+00  4.440000e-02  3.890000e-01  1.361000e+00  4.381000e-01  6.264000e-01  5.386000e-01  1.188200e+00  4.047000e-01  6.327000e-01  3.706000e-01  1.379200e+00  3.626000e-01  4.052000e-01 
 3.560000e-01  5.282000e-01  6.139000e-01  5.976000e-01  7.348000e-01  5.920000e-01  1.600500e+00  1.565000e-01 -3.680000e-02  2.045900e+00  2.100000e-03 -9.000000e-04  3.704000e-01  3.378000e-01 
 2.368000e-01  4.550000e-01  4.686000e-01  5.905000e-01  5.762000e-01  6.224000e-01  4.614000e-01  5.998000e-01  5.424000e-01  6.833000e-01  5.509000e-01  4.959000e-01  2.914000e-01  3.168000e-01 
 1.412000e-01  5.766000e-01  2.682000e-01  7.994000e-01  4.284000e-01  7.535000e-01  2.010000e-02  1.708900e+00 -5.190000e-02  2.063600e+00 -2.990000e-02  3.540000e-02  1.924000e-01  4.226000e-01 
 4.028000e-01  3.229000e-01  5.538000e-01  5.916000e-01  6.593000e-01  6.407000e-01  5.754000e-01  5.726000e-01  6.679000e-01  6.512000e-01  4.964000e-01  6.656000e-01  3.227000e-01  3.403000e-01 
 1.014100e+00  1.139000e-01  6.173000e-01  1.123200e+00  5.625000e-01  5.521000e-01  7.679000e-01  9.384000e-01  5.604000e-01  5.170000e-01  5.513000e-01  1.193400e+00  4.537000e-01  3.371000e-01 
 2.231000e-01  2.160000e-01  3.652000e-01  3.177000e-01  3.538000e-01  4.355000e-01  3.714000e-01  3.082000e-01  3.945000e-01  4.011000e-01  3.866000e-01  2.949000e-01  2.034000e-01  1.923000e-01 
 3.449000e-01  7.698000e-01  2.342000e-01  1.963000e-01  1.374000e-01  2.406000e-01  2.404000e-01  1.906000e-01  1.173000e-01  2.574000e-01  2.592000e-01  1.675000e-01  1.858000e-01  1.419000e-01 
 3.156000e-01  1.832000e-01  3.843000e-01  4.186000e-01  5.150000e-01  3.846000e-01  4.053000e-01  3.939000e-01  4.708000e-01  4.471000e-01  4.462000e-01  3.420000e-01  2.460000e-01  2.126000e-01 
 6.092000e-01  1.414000e-01  8.663000e-01  3.277000e-01  8.921000e-01  4.823000e-01  8.205000e-01  3.809000e-01  1.009700e+00  3.674000e-01  9.123000e-01  2.730000e-01  5.124000e-01  1.745000e-01 
 8.463000e-01  1.475000e-01  1.383300e+00  1.659000e-01  1.409400e+00  3.871000e-01  1.236000e+00  3.424000e-01  1.439400e+00  3.775000e-01  1.240400e+00  3.315000e-01  7.584000e-01  1.434000e-01 
 1.186000e-01  5.166000e-01  2.754000e-01  7.017000e-01  3.716000e-01  7.266000e-01  1.927000e-01  8.017000e-01  2.624000e-01  8.739000e-01  3.585000e-01  6.027000e-01  1.595000e-01  4.034000e-01 
-7.150000e-02  1.194100e+00  1.877000e-01  1.441100e+00  3.201000e-01  1.431200e+00  4.790000e-02  1.673200e+00 -5.740000e-02  2.074100e+00  1.340000e-02  1.714800e+00  9.210000e-02  8.434000e-01 
 1.061600e+00  5.140000e-02  8.015000e-01  9.388000e-01  6.061000e-01  6.110000e-01  9.143000e-01  7.975000e-01  6.790000e-01  4.857000e-01  7.059000e-01  1.043000e+00  5.455000e-01  2.809000e-01 
 7.813000e-01  2.707000e-01  1.166100e+00  1.809000e-01  1.340200e+00  1.161000e-01  1.784300e+00 -6.440000e-02  2.014600e+00 -1.000000e-02  4.940000e-02 -5.860000e-02  6.698000e-01  1.289000e-01 
-2.000000e-02  8.819000e-01  2.728000e-01  8.867000e-01  2.715000e-01  1.033800e+00  1.349000e-01  1.575400e+00  2.450000e-02  1.974500e+00  2.900000e-02 -3.400000e-02  1.103000e-01  5.812000e-01 
 1.124500e+00 -2.180000e-02  4.186000e-01  1.652000e-01  3.845000e-01  9.650000e-02  4.261000e-01  1.539000e-01  3.543000e-01  1.256000e-01  4.996000e-01  6.970000e-02  3.512000e-01  6.390000e-02 
-6.500000e-03  7.993000e-01  3.267000e-01  7.767000e-01  4.522000e-01  7.680000e-01 -2.820000e-02  1.766800e+00  4.970000e-02  1.942100e+00 -5.330000e-02  6.490000e-02  1.645000e-01  4.867000e-01 
 6.900000e-02  7.249000e-01  9.240000e-02  1.152900e+00  4.710000e-02  1.384400e+00  6.110000e-02  1.191900e+00  4.000000e-02  1.400800e+00  1.907000e-01  1.034100e+00  6.170000e-02  6.550000e-01 
 1.428000e-01  5.786000e-01  4.101000e-01  6.276000e-01  4.227000e-01  7.570000e-01  1.796700e+00 -7.820000e-02  1.590000e-02  1.975800e+00  3.080000e-02 -3.800000e-02  2.194000e-01  3.917000e-01 
 4.230000e-01  6.180000e-01  6.667000e-01  9.600000e-01  8.423000e-01  9.991000e-01  6.821000e-01  9.383000e-01  7.610000e-01  1.118300e+00  6.837000e-01  9.371000e-01  3.987000e-01  5.377000e-01 
 1.123200e+00 -1.980000e-02  4.842000e-01  1.256400e+00  4.733000e-01  5.613000e-01  6.713000e-01  1.041900e+00  4.869000e-01  5.181000e-01  6.174000e-01  1.101800e+00  3.947000e-01  3.597000e-01 
 3.235000e-01  4.008000e-01  6.078000e-01  4.450000e-01  7.643000e-01  3.984000e-01  1.743500e+00 -1.240000e-02  7.710000e-02  1.904800e+00 -4.670000e-02  5.660000e-02  3.336000e-01  2.813000e-01 
 8.635000e-01  2.416000e-01  3.268000e-01  7.437000e-01  3.194000e-01  4.958000e-01  4.484000e-01  5.974000e-01  3.312000e-01  4.618000e-01  3.342000e-01  7.332000e-01  2.896000e-01  3.473000e-01 
 3.989000e-01  3.064000e-01  7.602000e-01  3.139000e-01  7.549000e-01  4.913000e-01  6.895000e-01  3.998000e-01  6.527000e-01  6.348000e-01  6.298000e-01  4.730000e-01  3.961000e-01  2.339000e-01 
-5.620000e-02  6.196000e-01  6.960000e-02  8.052000e-01  1.929000e-01  8.025000e-01  2.680000e-02  1.702400e+00  5.080000e-02  1.938200e+00  3.790000e-02 -4.510000e-02  7.300000e-02  4.286000e-01 
 7.670000e-02  5.532000e-01  3.697000e-01  5.783000e-01  5.229000e-01  5.426000e-01  1.730300e+00  2.500000e-03 -5.700000e-03  2.006900e+00  4.780000e-02 -5.690000e-02  2.083000e-01  3.421000e-01 
 1.222200e+00 -1.385000e-01  5.873000e-01  1.141900e+00  4.907000e-01  8.950000e-01  4.724000e-01  1.276000e+00  4.236000e-01  9.068000e-01  5.406000e-01  1.195200e+00  4.016000e-01  4.845000e-01 
 2.563000e-01  6.222000e-01  3.700000e-01  1.011000e+00  4.776000e-01  1.086300e+00  4.206000e-01  9.524000e-01  4.446000e-01  1.143800e+00  3.690000e-01  1.014000e+00  2.464000e-01  5.458000e-01 
 1.840000e-01  6.729000e-01  4.951000e-01  6.792000e-01  5.736000e-01  7.248000e-01  1.651000e+00  9.460000e-02 -1.130000e-02  2.015000e+00  1.500000e-03 -2.300000e-03  2.611000e-01  4.318000e-01 
 1.102100e+00  3.900000e-03  1.025300e+00  7.218000e-01  8.517000e-01  8.106000e-01  1.152900e+00  5.722000e-01  9.200000e-01  6.121000e-01  1.224200e+00  4.924000e-01  6.570000e-01  2.914000e-01 
 4.650000e-01  1.452000e-01  7.837000e-01  1.378000e-01  9.267000e-01  1.065000e-01  1.763500e+00 -3.920000e-02  1.258000e-01  1.849400e+00 -1.710000e-02  2.010000e-02  4.704000e-01  5.990000e-02 
 1.125400e+00 -1.860000e-02  4.118000e-01  1.341000e+00  5.358000e-01  4.982000e-01  5.828000e-01  1.137600e+00  4.601000e-01  5.488000e-01  5.933000e-01  1.129500e+00  3.844000e-01  3.734000e-01 
 1.075400e+00  3.380000e-02  7.599000e-01  9.807000e-01  6.185000e-01  7.503000e-01  8.009000e-01  9.346000e-01  6.739000e-01  6.285000e-01  8.539000e-01  8.723000e-01  5.453000e-01  3.332000e-01 
 3.525000e-01  3.345000e-01  5.116000e-01  5.722000e-01  5.640000e-01  6.692000e-01  4.808000e-01  6.056000e-01  5.902000e-01  6.561000e-01  5.130000e-01  5.635000e-01  3.051000e-01  3.173000e-01 
 5.190000e-01  5.924000e-01  8.648000e-01  7.441000e-01  1.038200e+00  6.802000e-01  1.758000e+00 -3.610000e-02  1.986400e+00  1.070000e-02 -4.070000e-02  1.777700e+00  5.055000e-01  4.177000e-01 
 5.158000e-01  1.822000e-01  8.558000e-01  1.480000e-01  9.620000e-01  1.680000e-01  1.790400e+00 -7.240000e-02 -3.050000e-02  2.032800e+00  7.580000e-02 -9.170000e-02  4.772000e-01  1.143000e-01 
 5.610000e-01  2.925000e-01  7.260000e-01  4.631000e-01  9.444000e-01  3.525000e-01  1.723300e+00  7.400000e-03  3.060000e-02  1.958500e+00  3.750000e-02 -4.560000e-02  4.457000e-01  2.517000e-01 
 5.050000e-01  6.070000e-01  8.627000e-01  8.609000e-01  8.843000e-01  1.080400e+00  1.662900e+00  7.810000e-02  9.900000e-02  1.886300e+00 -5.900000e-02  1.799200e+00  4.807000e-01  5.152000e-01 
 4.083000e-01  6.277000e-01  5.078000e-01  1.137300e+00  5.682000e-01  1.305400e+00  6.229000e-01  1.002100e+00  6.980000e-01  1.180200e+00  6.487000e-01  9.710000e-01  3.243000e-01  6.188000e-01 
 5.610000e-01  1.063000e-01  7.032000e-01  3.773000e-01  7.404000e-01  4.993000e-01  7.263000e-01  3.493000e-01  8.452000e-01  3.924000e-01  6.268000e-01  4.698000e-01  4.199000e-01  2.013000e-01 
-4.600000e-03  4.540000e-01  1.915000e-01  5.706000e-01  3.021000e-01  5.829000e-01 -6.530000e-02  1.807800e+00 -4.130000e-02  4.920000e-02  9.000000e-03 -1.080000e-02  1.095000e-01  3.238000e-01 
 4.558000e-01  6.417000e-01  7.385000e-01  7.060000e-01  9.107000e-01  6.386000e-01  1.640500e+00  1.095000e-01 -1.430000e-02  2.021500e+00 -6.380000e-02  1.806700e+00  4.203000e-01  4.233000e-01 
 3.749000e-01  3.478000e-01  6.614000e-01  3.763000e-01  8.617000e-01  2.874000e-01  1.680900e+00  6.080000e-02  5.110000e-02  1.937900e+00 -4.430000e-02  5.130000e-02  3.498000e-01  2.637000e-01 
 1.172000e+00 -7.900000e-02  5.569000e-01  2.045000e-01  5.080000e-01  1.028000e-01  5.461000e-01  2.194000e-01  4.582000e-01  1.502000e-01  6.272000e-01  1.214000e-01  4.147000e-01  9.840000e-02 
 1.114400e+00 -1.480000e-02  6.321000e-01  8.080000e-02  5.397000e-01  4.140000e-02  5.880000e-01  1.360000e-01  4.192000e-01  1.711000e-01  5.523000e-01  1.767000e-01  4.362000e-01  5.740000e-02 
 4.172000e-01  4.878000e-01  7.567000e-01  4.570000e-01  8.219000e-01  5.137000e-01  1.698300e+00  4.280000e-02 -2.360000e-02  2.029800e+00 -3.000000e-04  2.000000e-03  4.055000e-01  3.136000e-01 
 3.340000e-02  9.060000e-02  1.528000e-01  2.821000e-01  2.778000e-01  2.702000e-01  3.840000e-02  1.689500e+00  8.330000e-02 -1.008000e-01  7.790000e-02 -9.420000e-02  6.010000e-02  1.798000e-01 
 1.125000e+00 -1.910000e-02  6.254000e-01  1.100600e+00  3.906000e-01  8.229000e-01  6.111000e-01  1.120500e+00  4.252000e-01  7.403000e-01  6.368000e-01  1.083800e+00  4.206000e-01  4.015000e-01 
 6.356000e-01  4.044000e-01  8.279000e-01  8.315000e-01  9.620000e-01  9.261000e-01  8.210000e-01  8.397000e-01  1.001200e+00  9.082000e-01  8.058000e-01  8.573000e-01  4.849000e-01  4.709000e-01 
 1.061500e+00  5.180000e-02  7.158000e-01  1.021300e+00  6.573000e-01  4.111000e-01  7.008000e-01  1.036400e+00  5.019000e-01  5.624000e-01  7.263000e-01  1.009700e+00  4.987000e-01  2.754000e-01 
 1.755000e-01  3.300000e-01  3.664000e-01  4.088000e-01  3.820000e-01  5.115000e-01  3.903000e-01  3.836000e-01  4.519000e-01  4.405000e-01  2.869000e-01  5.086000e-01  1.966000e-01  2.555000e-01 
 2.700000e-02  1.430000e-02  3.190000e-02  3.198000e-01  3.130000e-02  4.564000e-01 -1.280000e-02  1.590000e-02 -6.610000e-02  7.780000e-02 -8.400000e-03  8.100000e-03  1.590000e-02  1.756000e-01 
 4.663000e-01 -4.600000e-03  7.408000e-01  4.170000e-02  9.221000e-01 -2.920000e-02  1.735200e+00 -1.600000e-03  7.200000e-02 -8.600000e-02  3.510000e-02 -4.170000e-02  4.131000e-01  3.500000e-02 
 3.971000e-01  1.871000e-01  6.050000e-01  3.133000e-01  6.799000e-01  3.637000e-01  5.564000e-01  3.703000e-01  7.048000e-01  3.569000e-01  5.925000e-01  3.298000e-01  3.250000e-01  2.095000e-01 
 1.881000e-01  2.852000e-01  4.351000e-01  3.640000e-01  5.826000e-01  3.299000e-01  1.650900e+00  9.930000e-02 -7.760000e-02  9.370000e-02  3.610000e-02 -4.430000e-02  2.443000e-01  2.118000e-01 
 7.071000e-01  4.006000e-01  3.163000e-01  1.421300e+00  2.512000e-01  1.208400e+00  3.451000e-01  1.385900e+00  3.214000e-01  1.050100e+00  3.445000e-01  1.383400e+00  2.696000e-01  6.342000e-01 
 6.183000e-01  4.862000e-01  8.977000e-01  8.166000e-01  1.012400e+00  8.138000e-01  1.728200e+00  4.700000e-03  2.084100e+00 -9.930000e-02 -2.800000e-03  1.733200e+00  5.319000e-01  4.307000e-01 
 7.480000e-01  2.723000e-01  1.088900e+00  5.234000e-01  1.335700e+00  4.807000e-01  1.197500e+00  3.954000e-01  1.335600e+00  5.135000e-01  1.092100e+00  5.162000e-01  6.428000e-01  2.840000e-01 
 1.220000e-02  4.463000e-01  3.817000e-01  3.752000e-01  4.660000e-01  4.161000e-01 -3.900000e-02  1.775400e+00  2.450000e-02 -2.800000e-02 -2.000000e-02  2.500000e-02  1.909000e-01  2.436000e-01 
 4.191000e-01  7.018000e-01  7.914000e-01  6.675000e-01  1.036300e+00  5.181000e-01  1.751200e+00 -2.240000e-02 -1.037000e-01  2.116700e+00  0.000000e+00  1.728200e+00  4.685000e-01  3.836000e-01 
 5.673000e-01  5.564000e-01  3.051000e-01  8.024000e-01  2.870000e-01  5.490000e-01  3.614000e-01  7.325000e-01  2.592000e-01  5.638000e-01  3.773000e-01  7.175000e-01  2.555000e-01  3.958000e-01 
 5.016000e-01  1.766000e-01  7.704000e-01  2.323000e-01  9.845000e-01  1.148000e-01  1.770000e+00 -4.560000e-02 -1.452000e-01  2.174300e+00  2.120000e-02 -2.570000e-02  4.619000e-01  1.186000e-01 
 3.840000e-02  4.844000e-01  2.104000e-01  6.335000e-01  3.165000e-01  6.526000e-01  7.100000e-03  1.721900e+00  2.400000e-02 -3.070000e-02 -3.000000e-04 -1.300000e-03  1.120000e-01  3.751000e-01 
 6.022000e-01  4.851000e-01  9.271000e-01  4.647000e-01  1.181800e+00  3.103000e-01  1.728700e+00  6.000000e-04  2.143800e+00 -1.692000e-01  2.100000e-02  1.706200e+00  6.078000e-01  2.020000e-01 
 4.198000e-01  1.360000e-01  7.111000e-01  1.498000e-01  7.691000e-01  2.240000e-01  7.126000e-01  1.501000e-01  8.195000e-01  1.747000e-01  7.925000e-01  5.360000e-02  4.255000e-01  6.960000e-02 
 4.734000e-01  3.226000e-01  7.321000e-01  5.214000e-01  6.302000e-01  8.344000e-01  7.167000e-01  5.399000e-01  8.025000e-01  6.486000e-01  7.317000e-01  5.186000e-01  3.959000e-01  3.324000e-01 
 1.976000e-01  2.874000e-01  5.407000e-01  2.456000e-01  6.124000e-01  3.106000e-01  1.765600e+00 -4.640000e-02 -8.500000e-03  1.090000e-02 -3.050000e-02  3.470000e-02  2.834000e-01  1.711000e-01 
 2.472000e-01  3.830000e-01  4.762000e-01  4.897000e-01  5.658000e-01  5.331000e-01  4.445000e-01  5.271000e-01  4.262000e-01  7.066000e-01  5.670000e-01  3.801000e-01  2.861000e-01  2.700000e-01 
 5.640000e-02  8.770000e-01  4.094000e-01  8.304000e-01  4.598000e-01  9.081000e-01  1.685500e+00  5.740000e-02 -1.160000e-02  2.014600e+00  3.930000e-02 -4.600000e-02  2.180000e-01  5.141000e-01 
 5.933000e-01  5.124000e-01  3.009000e-01  4.766000e-01  2.757000e-01  3.484000e-01  2.430000e-01  5.403000e-01  2.414000e-01  3.768000e-01  3.809000e-01  3.783000e-01  2.467000e-01  2.736000e-01 
 4.738000e-01  1.604000e-01  6.897000e-01  3.143000e-01  7.454000e-01  4.065000e-01  7.160000e-01  2.829000e-01  7.983000e-01  3.611000e-01  6.483000e-01  3.632000e-01  4.115000e-01  1.662000e-01 
 3.263000e-01  2.228000e-01  5.195000e-01  3.371000e-01  6.499000e-01  3.145000e-01  6.013000e-01  2.391000e-01  5.882000e-01  3.997000e-01  4.504000e-01  4.183000e-01  2.802000e-01  2.177000e-01 
 2.952000e-01  3.011000e-01  3.907000e-01  5.610000e-01  5.623000e-01  4.951000e-01  3.930000e-01  5.548000e-01  5.071000e-01  5.777000e-01  3.762000e-01  5.773000e-01  2.368000e-01  3.101000e-01 
 8.571000e-01  2.373000e-01  3.476000e-01  9.596000e-01  2.949000e-01  6.430000e-01  3.605000e-01  9.372000e-01  2.396000e-01  6.787000e-01  4.688000e-01  8.115000e-01  2.814000e-01  4.219000e-01 
-8.300000e-02  7.175000e-01  2.840000e-02  8.961000e-01  4.980000e-02  1.014500e+00 -5.960000e-02  1.804600e+00 -2.070000e-02  2.025200e+00  1.300000e-03 -1.400000e-03  2.410000e-02  5.176000e-01 
 4.093000e-01  4.796000e-01  7.052000e-01  4.992000e-01  8.137000e-01  5.116000e-01  1.559200e+00  2.063000e-01 -9.400000e-03  2.012900e+00 -4.380000e-02  5.310000e-02  3.694000e-01  3.477000e-01 
-4.070000e-02  3.429000e-01  1.610000e-01  4.522000e-01  3.372000e-01  3.839000e-01 -1.471000e-01  1.905600e+00  2.170000e-02 -2.650000e-02  1.330000e-02 -1.820000e-02  1.011000e-01  2.359000e-01 
 4.655000e-01  3.234000e-01  6.666000e-01  5.896000e-01  7.814000e-01  6.414000e-01  7.481000e-01  4.871000e-01  8.391000e-01  5.939000e-01  7.590000e-01  4.738000e-01  4.179000e-01  2.995000e-01 
 3.631000e-01  3.763000e-01  5.393000e-01  6.265000e-01  6.059000e-01  7.227000e-01  5.750000e-01  5.816000e-01  5.516000e-01  8.031000e-01  5.457000e-01  6.142000e-01  3.099000e-01  3.612000e-01 
 4.637000e-01  4.033000e-01  7.539000e-01  5.969000e-01  7.829000e-01  7.668000e-01  6.929000e-01  6.707000e-01  9.046000e-01  6.521000e-01  7.372000e-01  6.145000e-01  4.322000e-01  3.487000e-01 
 1.090400e+00  1.660000e-02  6.835000e-01  4.016000e-01  5.539000e-01  2.774000e-01  6.936000e-01  3.948000e-01  5.649000e-01  2.433000e-01  7.215000e-01  3.609000e-01  4.784000e-01  1.675000e-01 
 1.758000e-01  4.663000e-01  4.616000e-01  5.046000e-01  5.843000e-01  4.959000e-01  1.676900e+00  5.550000e-02  1.330000e-02  1.984500e+00  2.270000e-02 -2.750000e-02  2.619000e-01  2.967000e-01 
 1.214600e+00 -1.319000e-01  5.935000e-01  5.697000e-01  5.128000e-01  3.593000e-01  5.345000e-01  6.402000e-01  4.997000e-01  3.476000e-01  5.162000e-01  6.670000e-01  4.160000e-01  2.552000e-01 
 1.620000e-02 -1.880000e-02  2.976000e-01  1.450000e-02  4.584000e-01 -3.510000e-02 -5.870000e-02  6.980000e-02  9.900000e-03 -9.800000e-03 -5.190000e-02  6.120000e-02  1.608000e-01  6.200000e-03 
 9.487000e-01  1.556000e-01  4.250000e-01  9.013000e-01  2.160000e-01  7.500000e-01  5.109000e-01  8.025000e-01  3.473000e-01  5.742000e-01  4.527000e-01  8.721000e-01  2.995000e-01  4.109000e-01 
 4.073000e-01  6.996000e-01  6.978000e-01  8.732000e-01  8.389000e-01  8.391000e-01  1.652000e+00  9.270000e-02 -9.850000e-02  2.120300e+00  4.640000e-02  1.671500e+00  4.081000e-01  4.970000e-01 
 1.179000e-01  3.772000e-01  1.543000e-01  6.233000e-01  2.983000e-01  5.636000e-01  2.670000e-01  4.901000e-01  2.800000e-01  6.010000e-01  1.791000e-01  5.917000e-01  1.150000e-01  3.288000e-01 
 3.808000e-01  3.059000e-01  7.125000e-01  2.866000e-01  8.360000e-01  2.762000e-01  1.762600e+00 -4.020000e-02 -1.060000e-02  2.014400e+00 -2.190000e-02  2.570000e-02  3.894000e-01  1.950000e-01 
 1.100700e+00  6.400000e-03  6.214000e-01  1.107200e+00  5.279000e-01  5.033000e-01  6.244000e-01  1.102300e+00  4.872000e-01  5.243000e-01  4.857000e-01  1.269100e+00  4.358000e-01  3.183000e-01 
 4.452000e-01  4.062000e-01  7.953000e-01  5.247000e-01  7.304000e-01  8.046000e-01  7.100000e-01  6.177000e-01  8.594000e-01  6.745000e-01  7.237000e-01  6.055000e-01  4.072000e-01  3.626000e-01 
-3.360000e-02  7.815000e-01  3.460000e-01  6.911000e-01  3.249000e-01  8.536000e-01 -7.280000e-02  1.825300e+00  1.340000e-02  1.986900e+00  1.620000e-02 -2.070000e-02  1.240000e-01  4.968000e-01 
 4.713000e-01  4.386000e-01  7.293000e-01  6.936000e-01  7.792000e-01  8.545000e-01  6.979000e-01  7.343000e-01  8.918000e-01  7.419000e-01  6.975000e-01  7.380000e-01  4.071000e-01  4.185000e-01 
 4.175000e-01  3.384000e-01  7.303000e-01  4.443000e-01  7.458000e-01  6.023000e-01  6.859000e-01  4.919000e-01  8.668000e-01  4.794000e-01  7.331000e-01  4.360000e-01  4.239000e-01  2.520000e-01 
 5.340000e-02  9.828000e-01  2.123000e-01  1.128600e+00  2.351000e-01  1.247100e+00 -7.900000e-02  1.824500e+00 -3.620000e-02  2.039300e+00 -1.320000e-02  1.450000e-02  8.350000e-02  7.143000e-01 
 3.388000e-01  3.895000e-01  4.675000e-01  6.855000e-01  4.922000e-01  8.274000e-01  5.061000e-01  6.373000e-01  6.460000e-01  6.687000e-01  4.679000e-01  6.876000e-01  2.774000e-01  3.879000e-01 
 3.247000e-01  5.262000e-01  6.185000e-01  5.524000e-01  7.928000e-01  4.811000e-01  1.705800e+00  3.450000e-02 -1.000000e-04  1.999800e+00 -2.430000e-02  2.690000e-02  3.642000e-01  3.209000e-01 
 4.667000e-01  2.944000e-01  8.114000e-01  3.655000e-01  8.536000e-01  4.975000e-01  7.835000e-01  3.983000e-01  9.240000e-01  4.428000e-01  7.512000e-01  4.366000e-01  4.402000e-01  2.459000e-01 
 1.345000e-01  6.435000e-01  3.909000e-01  7.931000e-01  5.475000e-01  7.823000e-01  3.952000e-01  7.846000e-01  3.832000e-01  9.931000e-01  3.469000e-01  8.406000e-01  2.234000e-01  4.592000e-01 
 1.940000e-01  4.096000e-01  2.225000e-01  7.397000e-01  2.921000e-01  7.992000e-01  3.331000e-01  6.114000e-01  3.428000e-01  7.537000e-01  2.425000e-01  7.173000e-01  1.560000e-01  3.954000e-01 
 5.959000e-01  1.939000e-01  9.863000e-01  2.432000e-01  1.230900e+00  1.453000e-01  1.001400e+00  2.181000e-01  1.243900e+00  1.572000e-01  9.501000e-01  2.823000e-01  5.876000e-01  1.168000e-01 
 3.336000e-01  3.599000e-01  5.074000e-01  5.793000e-01  6.561000e-01  5.657000e-01  6.266000e-01  4.343000e-01  6.604000e-01  5.796000e-01  6.106000e-01  4.549000e-01  3.467000e-01  2.701000e-01 
 4.059000e-01  3.798000e-01  7.394000e-01  3.555000e-01  8.615000e-01  3.500000e-01  1.760300e+00 -3.010000e-02 -1.800000e-02  2.019900e+00 -1.730000e-02  2.140000e-02  4.065000e-01  2.399000e-01 
 3.310000e-01  6.894000e-01  7.105000e-01  6.104000e-01  8.226000e-01  6.172000e-01  1.725000e+00  9.400000e-03  1.055000e-01  1.875200e+00  3.200000e-03 -3.000000e-03  4.023000e-01  3.763000e-01 
 7.199000e-01  3.784000e-01  2.954000e-01  7.870000e-01  2.970000e-01  5.207000e-01  2.539000e-01  8.341000e-01  2.433000e-01  5.660000e-01  3.386000e-01  7.365000e-01  2.611000e-01  3.805000e-01 
 3.351000e-01  4.388000e-01  4.206000e-01  8.098000e-01  5.920000e-01  7.924000e-01  4.709000e-01  7.497000e-01  6.010000e-01  8.065000e-01  4.283000e-01  8.027000e-01  2.862000e-01  4.179000e-01 
 2.682000e-01  2.294000e-01  5.970000e-01  1.434000e-01  7.460000e-01  8.930000e-02  5.686000e-01  1.835000e-01  6.593000e-01  2.042000e-01  6.265000e-01  1.115000e-01  3.488000e-01  8.000000e-02 
 1.968000e-01  5.983000e-01  4.334000e-01  6.884000e-01  6.950000e-01  5.214000e-01  1.668500e+00  7.710000e-02 -1.500000e-02  2.017100e+00 -9.400000e-03  1.200000e-02  2.899000e-01  3.599000e-01 
 2.743000e-01  2.707000e-01  5.182000e-01  3.226000e-01  6.576000e-01  2.817000e-01  4.334000e-01  4.222000e-01  5.786000e-01  3.969000e-01  5.792000e-01  2.490000e-01  3.026000e-01  1.813000e-01 
 1.044000e-01  8.482000e-01  2.786000e-01  1.196100e+00  3.187000e-01  1.361100e+00  2.881000e-01  1.186100e+00  2.551000e-01  1.462000e+00  2.166000e-01  1.271600e+00  1.215000e-01  7.374000e-01 
 7.940000e-02  7.657000e-01  3.944000e-01  7.673000e-01  4.722000e-01  8.130000e-01  1.623500e+00  1.296000e-01  1.566000e-01  1.815600e+00  8.910000e-02 -1.058000e-01  2.025000e-01  4.817000e-01 
 5.802000e-01  5.219000e-01  2.736000e-01  3.596000e-01  3.377000e-01  1.663000e-01  3.450000e-01  2.768000e-01  2.607000e-01  2.504000e-01  2.996000e-01  3.324000e-01  2.310000e-01  2.168000e-01 
 3.435000e-01  7.501000e-01  1.504000e-01  4.932000e-01  6.410000e-02  4.826000e-01  2.269000e-01  4.038000e-01  1.557000e-01  3.627000e-01  6.050000e-02  6.040000e-01  1.334000e-01  3.200000e-01 
 2.296000e-01  8.800000e-02  3.187000e-01  1.855000e-01  3.660000e-01  2.098000e-01  2.541000e-01  2.652000e-01  3.659000e-01  2.184000e-01  1.360000e-01  4.045000e-01  1.647000e-01  1.304000e-01 
 3.472000e-01  5.533000e-01  7.213000e-01  6.622000e-01  7.495000e-01  8.366000e-01  6.911000e-01  7.010000e-01  7.428000e-01  8.703000e-01  6.704000e-01  7.270000e-01  3.956000e-01  4.075000e-01 
 1.127300e+00 -2.910000e-02  5.484000e-01  3.926000e-01  4.000000e-01  3.540000e-01  4.938000e-01  4.571000e-01  3.574000e-01  3.831000e-01  3.600000e-01  6.188000e-01  3.658000e-01  2.323000e-01 
 3.116000e-01  2.006000e-01  6.378000e-01  1.844000e-01  8.251000e-01  1.021000e-01  1.731600e+00 -2.000000e-03 -5.400000e-03  5.500000e-03  6.160000e-02 -7.480000e-02  3.810000e-01  8.600000e-02 
 5.224000e-01  9.700000e-03  7.253000e-01  1.418000e-01  8.516000e-01  1.318000e-01  1.666600e+00  7.340000e-02  1.910000e-02 -1.910000e-02 -1.140000e-02  1.270000e-02  4.417000e-01  5.310000e-02 
 5.163000e-01  2.570000e-01  7.918000e-01  4.214000e-01  9.877000e-01  3.764000e-01  8.280000e-01  3.769000e-01  9.526000e-01  4.407000e-01  8.246000e-01  3.858000e-01  4.710000e-01  2.260000e-01 
 5.571000e-01  5.544000e-01  2.239000e-01  9.428000e-01  2.880000e-01  5.743000e-01  3.653000e-01  7.806000e-01  2.938000e-01  5.459000e-01  3.241000e-01  8.265000e-01  2.381000e-01  4.292000e-01 
 2.273000e-01  4.148000e-01  3.511000e-01  6.521000e-01  3.822000e-01  7.671000e-01  4.646000e-01  5.182000e-01  4.037000e-01  7.567000e-01  3.498000e-01  6.586000e-01  2.074000e-01  3.724000e-01 
 4.839000e-01  4.570000e-02  1.840000e-01  1.079000e-01  2.019000e-01  4.250000e-02  3.259000e-01 -6.090000e-02  2.704000e-01 -4.380000e-02  2.482000e-01  3.690000e-02  2.045000e-01  1.880000e-02 
 1.147700e+00 -5.040000e-02  1.158300e+00  1.214000e-01  9.293000e-01 -1.200000e-02  1.340100e+00 -9.310000e-02  8.479000e-01  5.720000e-02  1.220500e+00  5.150000e-02  6.836000e-01  1.350000e-02 
 6.989000e-01  3.994000e-01  1.083100e+00  3.312000e-01  1.074000e+00  4.911000e-01  1.831800e+00 -1.164000e-01  2.058700e+00 -6.400000e-02  3.980000e-02  1.682900e+00  5.699000e-01  2.715000e-01 
 3.769000e-01  4.515000e-01  1.789000e-01  1.933000e-01  1.166000e-01  2.087000e-01  1.752000e-01  1.987000e-01  1.617000e-01  1.490000e-01  1.450000e-01  2.362000e-01  1.476000e-01  1.407000e-01 
 4.429000e-01  2.770000e-01  6.559000e-01  4.770000e-01  7.533000e-01  5.333000e-01  6.636000e-01  4.679000e-01  9.272000e-01  3.484000e-01  6.942000e-01  4.315000e-01  4.358000e-01  2.080000e-01 
 2.678000e-01  5.396000e-01  5.706000e-01  5.481000e-01  7.094000e-01  5.272000e-01  1.753200e+00 -2.780000e-02  1.525000e-01  1.819500e+00 -8.100000e-03  9.300000e-03  3.374000e-01  3.192000e-01 
 5.565000e-01  2.985000e-01  9.732000e-01  1.751000e-01  1.013600e+00  2.741000e-01  1.663900e+00  7.960000e-02  1.972300e+00  3.250000e-02 -3.070000e-02  3.620000e-02  5.264000e-01  1.595000e-01 
 7.532000e-01  3.612000e-01  3.635000e-01  1.018900e+00  3.685000e-01  5.868000e-01  3.342000e-01  1.066600e+00  2.891000e-01  6.552000e-01  3.743000e-01  1.018400e+00  2.811000e-01  4.401000e-01 
 1.108600e+00 -5.300000e-03  4.635000e-01  1.283100e+00  4.084000e-01  1.442300e+00  4.793000e-01  1.265200e+00  4.490000e-01  1.193800e+00  6.262000e-01  1.087300e+00  3.890000e-01  5.791000e-01 
 4.608000e-01  2.314000e-01  8.328000e-01  2.275000e-01  8.639000e-01  3.633000e-01  8.046000e-01  2.602000e-01  8.485000e-01  3.997000e-01  7.342000e-01  3.473000e-01  4.069000e-01  2.202000e-01 
 4.410000e-02  5.566000e-01  2.636000e-01  6.394000e-01  3.755000e-01  6.360000e-01  2.398000e-01  6.638000e-01  2.537000e-01  7.974000e-01  2.936000e-01  6.030000e-01  1.496000e-01  3.718000e-01 
 5.005000e-01  3.034000e-01  7.548000e-01  5.121000e-01  1.041600e+00  3.657000e-01  8.597000e-01  3.826000e-01  1.028000e+00  4.066000e-01  7.794000e-01  4.771000e-01  4.800000e-01  2.417000e-01 
 3.198000e-01  7.901000e-01  1.934000e-01  7.084000e-01  1.126000e-01  6.119000e-01  1.950000e-01  7.055000e-01  1.826000e-01  5.124000e-01  2.665000e-01  6.217000e-01  1.639000e-01  4.130000e-01 
 5.197000e-01  2.097000e-01  8.513000e-01  1.889000e-01  9.604000e-01  2.034000e-01  1.725800e+00  3.100000e-03 -2.900000e-02  2.034500e+00 -4.180000e-02  4.840000e-02  4.906000e-01  1.207000e-01 
 2.273000e-01  7.301000e-01  3.601000e-01  1.140200e+00  3.853000e-01  1.328900e+00  3.072000e-01  1.205700e+00  4.551000e-01  1.270000e+00  3.043000e-01  1.206400e+00  2.025000e-01  6.645000e-01 
-4.580000e-02  5.081000e-01 -4.810000e-02  8.260000e-01 -1.860000e-02  9.120000e-01  4.690000e-02  1.675900e+00 -5.220000e-02  6.230000e-02 -4.100000e-03  6.400000e-03  2.600000e-03  4.344000e-01 
 1.116200e+00 -1.530000e-02  5.599000e-01  5.398000e-01  3.945000e-01  4.545000e-01  5.338000e-01  5.660000e-01  4.524000e-01  3.615000e-01  5.239000e-01  5.846000e-01  3.863000e-01  2.650000e-01 
 6.918000e-01  3.518000e-01  1.041500e+00  3.028000e-01  1.083500e+00  3.950000e-01  1.622800e+00  1.234000e-01  2.023100e+00 -2.900000e-02  6.140000e-02 -7.670000e-02  6.017000e-01  1.932000e-01 
 7.017000e-01  3.974000e-01  1.022200e+00  5.651000e-01  1.199500e+00  5.025000e-01  1.701000e+00  3.670000e-02  2.096700e+00 -1.106000e-01  6.400000e-03  1.724200e+00  5.794000e-01  3.400000e-01 
 3.025000e-01  4.500000e-01  6.046000e-01  4.666000e-01  7.225000e-01  4.639000e-01  1.802600e+00 -8.280000e-02 -4.240000e-02  2.049500e+00 -3.420000e-02  4.300000e-02  3.911000e-01  2.265000e-01 
 2.405000e-01  4.124000e-01  3.764000e-01  6.427000e-01  4.999000e-01  6.475000e-01  4.117000e-01  5.978000e-01  4.728000e-01  6.944000e-01  4.349000e-01  5.751000e-01  2.347000e-01  3.495000e-01 
 3.042000e-01  4.975000e-01  5.813000e-01  5.410000e-01  5.880000e-01  6.772000e-01  1.773000e+00 -4.970000e-02  4.010000e-02  1.949800e+00  5.640000e-02 -6.680000e-02  3.048000e-01  3.605000e-01 
 5.140000e-02  6.044000e-01  1.610000e-01  8.481000e-01  1.999000e-01  9.469000e-01  1.133000e-01  9.042000e-01  1.455000e-01  1.025900e+00  1.506000e-01  8.629000e-01  8.570000e-02  4.987000e-01 
 7.159000e-01  3.887000e-01  3.221000e-01  2.428000e-01  3.203000e-01  1.404000e-01  3.725000e-01  1.797000e-01  2.981000e-01  1.584000e-01  2.153000e-01  3.692000e-01  2.653000e-01  1.412000e-01 
 1.038500e+00  8.070000e-02  6.368000e-01  2.733000e-01  5.443000e-01  1.728000e-01  5.774000e-01  3.499000e-01  5.029000e-01  2.067000e-01  6.043000e-01  3.120000e-01  4.286000e-01  1.561000e-01 
 3.442000e-01  6.581000e-01  6.663000e-01  8.721000e-01  5.898000e-01  1.199100e+00  6.507000e-01  8.913000e-01  5.997000e-01  1.210200e+00  5.873000e-01  9.664000e-01  3.414000e-01  5.564000e-01 
 4.650000e-02  1.068000e+00  1.044000e-01  4.719000e-01  1.267000e-01  3.475000e-01  2.050000e-02  5.726000e-01  7.500000e-03  4.792000e-01  5.820000e-02  5.241000e-01  4.720000e-02  3.740000e-01 
 5.320000e-02  3.194000e-01  1.602000e-01  4.124000e-01  1.449000e-01  5.132000e-01  1.762000e-01  3.928000e-01  2.111000e-01  4.435000e-01  1.781000e-01  3.896000e-01  1.014000e-01  2.271000e-01 
 1.134400e+00 -3.280000e-02  3.935000e-01  4.392000e-01  3.808000e-01  2.835000e-01  4.294000e-01  3.987000e-01  3.470000e-01  3.056000e-01  3.493000e-01  4.929000e-01  3.117000e-01  2.354000e-01 
 3.821000e-01  6.817000e-01  6.292000e-01  7.613000e-01  8.703000e-01  6.141000e-01  1.673400e+00  6.200000e-02  5.200000e-03  1.990900e+00 -8.500000e-02  1.832600e+00  4.190000e-01  3.872000e-01 
 3.013000e-01  6.641000e-01  5.217000e-01  9.826000e-01  5.665000e-01  1.154200e+00  6.320000e-01  8.539000e-01  7.991000e-01  9.070000e-01  5.886000e-01  9.031000e-01  3.344000e-01  5.291000e-01 
 1.506000e-01  7.948000e-01  1.765000e-01  1.315600e+00  2.341000e-01  1.461900e+00  2.085000e-01  1.275200e+00  2.402000e-01  1.474500e+00  1.973000e-01  1.294000e+00  1.203000e-01  7.379000e-01 
 3.685000e-01  6.324000e-01  7.840000e-01  5.156000e-01  8.288000e-01  6.059000e-01  1.723100e+00  1.340000e-02 -3.700000e-02  2.044700e+00 -1.219000e-01  1.448000e-01  4.090000e-01  3.624000e-01 
 4.675000e-01  3.226000e-01  7.764000e-01  4.498000e-01  8.159000e-01  5.908000e-01  6.720000e-01  5.726000e-01  8.785000e-01  5.377000e-01  5.608000e-01  7.012000e-01  4.061000e-01  3.096000e-01 
 1.032100e+00  8.920000e-02  7.001000e-01  1.020800e+00  4.296000e-01  1.249300e+00  5.637000e-01  1.175500e+00  5.356000e-01  1.006600e+00  5.957000e-01  1.141200e+00  4.473000e-01  5.009000e-01 
 3.537000e-01  3.750000e-01  5.846000e-01  5.609000e-01  6.021000e-01  7.155000e-01  5.300000e-01  6.204000e-01  6.224000e-01  7.085000e-01  5.285000e-01  6.264000e-01  3.126000e-01  3.522000e-01 
 1.028400e+00  5.230000e-02  3.442000e-01  1.396500e+00  2.839000e-01  1.006800e+00  3.878000e-01  1.345500e+00  4.144000e-01  8.010000e-01  3.794000e-01  1.354100e+00  2.956000e-01  5.589000e-01 
 1.255500e+00 -1.783000e-01  9.172000e-01  1.170000e-02  6.671000e-01  7.930000e-02  8.712000e-01  6.710000e-02  6.812000e-01  4.210000e-02  9.521000e-01 -2.890000e-02  5.712000e-01  2.040000e-02 
 3.895000e-01  2.033000e-01  5.606000e-01  3.758000e-01  7.402000e-01  3.101000e-01  5.242000e-01  4.181000e-01  7.393000e-01  3.271000e-01  5.231000e-01  4.183000e-01  3.386000e-01  1.988000e-01 
 3.526000e-01  7.464000e-01  6.101000e-01  9.113000e-01  7.630000e-01  8.749000e-01  1.689900e+00  4.920000e-02  1.480000e-02  1.983400e+00 -1.200000e-02  1.745600e+00  3.587000e-01  5.248000e-01 
-1.300000e-03  6.041000e-01  4.347000e-01  4.496000e-01  4.004000e-01  6.332000e-01  2.100000e-03  1.727800e+00 -8.340000e-02  2.097300e+00  1.580000e-02 -1.760000e-02  1.446000e-01  3.869000e-01 
 3.791000e-01  2.530000e-01  8.544000e-01  6.310000e-02  8.729000e-01  1.838000e-01  1.780600e+00 -5.310000e-02  7.710000e-02  1.912700e+00 -3.610000e-02  4.320000e-02  4.118000e-01  1.349000e-01 
 1.102700e+00  1.900000e-03  4.964000e-01  5.009000e-01  3.975000e-01  3.810000e-01  5.711000e-01  4.126000e-01  3.578000e-01  4.157000e-01  6.194000e-01  3.533000e-01  3.989000e-01  2.126000e-01 
 3.882000e-01  4.172000e-01  6.311000e-01  6.264000e-01  8.014000e-01  6.151000e-01  7.290000e-01  5.097000e-01  8.256000e-01  6.037000e-01  7.664000e-01  4.626000e-01  4.112000e-01  3.055000e-01 
 1.168300e+00 -7.610000e-02  5.486000e-01  1.192800e+00  5.699000e-01  4.532000e-01  5.990000e-01  1.130500e+00  4.773000e-01  5.330000e-01  5.430000e-01  1.196900e+00  4.272000e-01  3.263000e-01 
 1.946000e-01  8.463000e-01  3.935000e-01  9.886000e-01  5.201000e-01  9.817000e-01  1.797000e+00 -7.150000e-02 -9.460000e-02  2.110900e+00  3.840000e-02  1.683800e+00  2.347000e-01  5.724000e-01 
 2.387000e-01  5.287000e-01  5.081000e-01  5.803000e-01  6.225000e-01  5.861000e-01  1.602700e+00  1.486000e-01 -3.100000e-03  2.002900e+00 -3.110000e-02  3.750000e-02  2.908000e-01  3.475000e-01 
 3.340000e-02  8.543000e-01  9.320000e-02  1.295600e+00  1.707000e-01  1.390800e+00  3.800000e-02  1.361300e+00  1.285000e-01  1.471100e+00  7.590000e-02  1.317000e+00  5.550000e-02  7.455000e-01 
 2.603000e-01  6.276000e-01  6.728000e-01  5.071000e-01  7.549000e-01  5.508000e-01  1.824600e+00 -1.058000e-01 -1.900000e-02  2.019000e+00 -7.000000e-04  4.000000e-04  3.338000e-01  3.718000e-01 
 5.957000e-01  4.387000e-01  8.091000e-01  8.394000e-01  9.161000e-01  9.635000e-01  7.718000e-01  8.814000e-01  1.003700e+00  8.898000e-01  7.043000e-01  9.604000e-01  4.712000e-01  4.792000e-01 
 1.171000e+00 -7.670000e-02  5.022000e-01  3.121000e-01  4.242000e-01  2.324000e-01  4.959000e-01  3.193000e-01  4.355000e-01  2.043000e-01  5.301000e-01  2.812000e-01  3.576000e-01  1.846000e-01 
 1.121500e+00 -2.200000e-02  5.811000e-01  1.162100e+00  5.564000e-01  5.510000e-01  6.498000e-01  1.077300e+00  4.685000e-01  6.165000e-01  5.802000e-01  1.157100e+00  4.429000e-01  3.451000e-01 
 1.084900e+00  2.450000e-02  3.846000e-01  1.362700e+00  4.707000e-01  7.384000e-01  4.256000e-01  1.313500e+00  4.017000e-01  7.778000e-01  4.385000e-01  1.299300e+00  3.552000e-01  4.773000e-01 
 1.153600e+00 -5.470000e-02  4.680000e-01  3.564000e-01  3.592000e-01  3.113000e-01  3.693000e-01  4.764000e-01  3.756000e-01  2.744000e-01  4.279000e-01  4.029000e-01  3.265000e-01  2.203000e-01 
 3.748000e-01  2.994000e-01  6.536000e-01  3.408000e-01  8.457000e-01  2.527000e-01  1.739800e+00 -9.200000e-03 -6.410000e-02  2.075800e+00  3.580000e-02 -4.420000e-02  4.033000e-01  1.715000e-01 
 4.363000e-01  6.118000e-01  7.460000e-01  6.139000e-01  8.352000e-01  6.512000e-01  1.741400e+00 -1.040000e-02 -3.700000e-02  2.039400e+00  4.330000e-02 -5.150000e-02  4.164000e-01  3.860000e-01 
 1.798000e-01  2.871000e-01  3.085000e-01  4.197000e-01  3.603000e-01  4.645000e-01  2.507000e-01  4.863000e-01  3.400000e-01  5.030000e-01  3.426000e-01  3.776000e-01  1.842000e-01  2.344000e-01 
 6.403000e-01  5.420000e-02  1.025400e+00  6.470000e-02  1.219600e+00  9.200000e-03  9.108000e-01  1.963000e-01  1.133800e+00  1.292000e-01  9.212000e-01  1.857000e-01  5.768000e-01  5.450000e-02 
 4.600000e-02  8.990000e-01  1.115000e-01  1.363600e+00  1.098000e-01  1.570600e+00  1.085000e-01  1.371400e+00  2.028000e-01  1.486500e+00  4.920000e-02  1.434900e+00  6.760000e-02  7.827000e-01 
 3.339000e-01  7.763000e-01  7.458000e-01  7.458000e-01  7.757000e-01  8.486000e-01  1.733500e+00  7.000000e-04 -8.480000e-02  2.099900e+00 -2.780000e-02  1.761200e+00  3.877000e-01  4.879000e-01 
 2.704000e-01  8.443000e-01  6.167000e-01  8.324000e-01  7.813000e-01  7.781000e-01  1.633800e+00  1.169000e-01 -2.190000e-02  2.026000e+00 -8.870000e-02  1.835800e+00  3.523000e-01  4.940000e-01 
 3.663000e-01  5.339000e-01  4.716000e-01  9.602000e-01  5.079000e-01  1.127100e+00  5.363000e-01  8.867000e-01  5.595000e-01  1.094100e+00  5.606000e-01  8.596000e-01  3.032000e-01  5.188000e-01 
 6.235000e-01  1.920000e-01  1.090900e+00  1.685000e-01  1.179400e+00  2.634000e-01  1.007500e+00  2.645000e-01  1.161100e+00  3.117000e-01  1.011000e+00  2.615000e-01  5.957000e-01  1.379000e-01 
-1.810000e-02  6.916000e-01  2.449000e-01  7.359000e-01  4.121000e-01  6.803000e-01 -6.350000e-02  1.805700e+00  7.400000e-02  1.915100e+00  2.490000e-02 -2.860000e-02  1.347000e-01  4.371000e-01 
 5.528000e-01  5.532000e-01  3.238000e-01  7.494000e-01  2.123000e-01  6.204000e-01  2.494000e-01  8.322000e-01  2.191000e-01  5.926000e-01  2.836000e-01  7.916000e-01  2.339000e-01  4.084000e-01 
 7.864000e-01 -2.360000e-02  1.092900e+00  1.320000e-01  1.351800e+00  2.660000e-02  1.164200e+00  4.800000e-02  1.409700e+00 -1.860000e-02  1.181300e+00  2.760000e-02  6.641000e-01  3.780000e-02 
 4.138000e-01  5.768000e-01  7.693000e-01  5.243000e-01  9.692000e-01  4.379000e-01  1.803000e+00 -8.240000e-02  6.050000e-02  1.930600e+00 -1.340000e-02  1.410000e-02  4.108000e-01  3.600000e-01 
 1.148100e+00 -5.410000e-02  7.842000e-01  2.590000e-01  6.844000e-01  1.110000e-01  8.148000e-01  2.220000e-01  7.089000e-01  6.410000e-02  8.862000e-01  1.437000e-01  5.566000e-01  7.150000e-02 
 2.915000e-01  6.952000e-01  5.862000e-01  7.160000e-01  8.323000e-01  5.673000e-01  1.671200e+00  7.010000e-02  1.290000e-02  1.985300e+00  7.770000e-02 -9.110000e-02  3.706000e-01  3.907000e-01 
 1.131700e+00 -3.170000e-02  9.419000e-01  7.896000e-01  7.905000e-01  4.900000e-01  9.017000e-01  8.375000e-01  7.738000e-01  4.528000e-01  9.162000e-01  8.146000e-01  5.810000e-01  2.747000e-01 
 3.090000e-02  9.172000e-01  3.080000e-02  1.457100e+00  1.922000e-01  1.471700e+00  4.110000e-02  1.445200e+00  1.063000e-01  1.599500e+00  7.490000e-02  1.411300e+00  2.740000e-02  8.309000e-01 
 6.018000e-01  2.622000e-01  8.873000e-01  2.966000e-01  1.037300e+00  2.592000e-01  1.817400e+00 -9.650000e-02  2.013200e+00 -1.730000e-02  9.150000e-02 -1.097000e-01  5.341000e-01  1.592000e-01 
 3.616000e-01  5.395000e-01  7.610000e-01  4.352000e-01  8.018000e-01  5.294000e-01  1.749900e+00 -2.180000e-02  6.930000e-02  1.918400e+00 -5.740000e-02  6.910000e-02  4.071000e-01  3.045000e-01 
 3.879000e-01  5.093000e-01  6.455000e-01  7.533000e-01  7.869000e-01  7.986000e-01  5.291000e-01  8.947000e-01  7.951000e-01  8.101000e-01  6.323000e-01  7.764000e-01  3.686000e-01  4.411000e-01 
 8.884000e-01  2.158000e-01  1.187600e+00  5.403000e-01  1.283500e+00  5.980000e-01  1.680100e+00  5.840000e-02  2.025300e+00 -3.460000e-02  4.970000e-02  1.670900e+00  6.889000e-01  2.914000e-01 
 1.108700e+00  2.100000e-03  1.015600e+00  7.153000e-01  7.320000e-01  1.086200e+00  9.141000e-01  8.361000e-01  8.051000e-01  8.140000e-01  9.557000e-01  7.831000e-01  6.136000e-01  3.523000e-01 
 2.780000e-02  6.130000e-02  2.001000e-01  2.144000e-01  3.815000e-01  1.446000e-01  1.435000e-01  1.563000e+00 -2.340000e-02  2.930000e-02 -1.340000e-02  1.620000e-02  1.320000e-01  8.730000e-02 
 1.968000e-01  8.896000e-01  4.827000e-01  9.247000e-01  6.167000e-01  9.017000e-01  1.671100e+00  6.720000e-02 -1.130000e-02  2.014000e+00  5.820000e-02  1.666900e+00  2.653000e-01  5.603000e-01 
 5.201000e-01  5.841000e-01  3.171000e-01  7.668000e-01  3.882000e-01  4.175000e-01  2.912000e-01  8.033000e-01  1.717000e-01  6.541000e-01  2.294000e-01  8.757000e-01  2.216000e-01  4.260000e-01 
 5.786000e-01  4.950000e-02  8.336000e-01  1.201000e-01  9.328000e-01  1.453000e-01  1.627900e+00  1.184000e-01  1.938700e+00  6.730000e-02  2.700000e-03 -2.800000e-03  5.267000e-01  1.920000e-02 
 2.881000e-01  5.880000e-01  6.085000e-01  5.808000e-01  7.821000e-01  5.208000e-01  1.687500e+00  5.650000e-02 -1.156000e-01  2.135100e+00 -2.450000e-02  2.660000e-02  3.434000e-01  3.586000e-01 
 3.163000e-01  4.248000e-01  6.331000e-01  4.197000e-01  7.968000e-01  3.696000e-01  1.673900e+00  6.850000e-02  4.840000e-02  1.946100e+00  1.170000e-02 -1.470000e-02  3.255000e-01  2.971000e-01 
 1.184100e+00 -9.100000e-02  5.882000e-01  6.830000e-01  4.091000e-01  5.274000e-01  6.264000e-01  6.381000e-01  4.739000e-01  4.277000e-01  5.825000e-01  6.909000e-01  3.942000e-01  3.051000e-01 
 2.379000e-01  4.085000e-01  3.863000e-01  6.242000e-01  3.834000e-01  7.741000e-01  3.794000e-01  6.333000e-01  3.210000e-01  8.707000e-01  3.651000e-01  6.482000e-01  2.093000e-01  3.762000e-01 
 1.124500e+00 -2.220000e-02  3.990000e-01  1.027600e+00  2.620000e-01  7.330000e-01  3.240000e-01  1.115300e+00  3.763000e-01  5.714000e-01  4.534000e-01  9.653000e-01  3.213000e-01  4.047000e-01 
 1.099400e+00  8.000000e-03  8.668000e-01  8.454000e-01  5.698000e-01  1.414000e+00  6.727000e-01  1.078300e+00  5.144000e-01  1.395700e+00  6.686000e-01  1.077000e+00  5.120000e-01  4.853000e-01 
 3.698000e-01  1.077000e-01  5.224000e-01  2.341000e-01  5.438000e-01  3.333000e-01  5.149000e-01  2.459000e-01  5.892000e-01  2.902000e-01  5.628000e-01  1.885000e-01  3.137000e-01  1.224000e-01 
 1.164700e+00 -6.970000e-02  3.553000e-01  1.395300e+00  3.349000e-01  1.135600e+00  4.702000e-01  1.253800e+00  3.487000e-01  1.043500e+00  4.655000e-01  1.262100e+00  3.359000e-01  5.706000e-01 
 3.183000e-01  3.051000e-01  7.323000e-01  2.050000e-01  6.892000e-01  4.029000e-01  4.636000e-01  5.233000e-01  6.157000e-01  5.086000e-01  5.282000e-01  4.456000e-01  3.188000e-01  2.398000e-01 
 3.521000e-01  3.844000e-01  5.984000e-01  5.504000e-01  6.438000e-01  6.688000e-01  6.586000e-01  4.784000e-01  6.964000e-01  6.264000e-01  5.053000e-01  6.583000e-01  3.198000e-01  3.473000e-01 
 5.951000e-01  4.877000e-01  8.186000e-01  8.973000e-01  8.961000e-01  1.057700e+00  6.305000e-01  1.118100e+00  8.322000e-01  1.168700e+00  7.579000e-01  9.702000e-01  4.368000e-01  5.585000e-01 
 3.389000e-01 -2.500000e-03  6.462000e-01  1.600000e-03  8.299000e-01 -7.180000e-02  1.751500e+00 -2.660000e-02  6.930000e-02 -8.170000e-02 -3.820000e-02  4.560000e-02  3.626000e-01  1.000000e-03 
 5.361000e-01  6.900000e-03  8.957000e-01 -5.900000e-02  8.035000e-01  1.913000e-01  6.853000e-01  1.933000e-01  8.260000e-01  1.836000e-01  8.115000e-01  4.050000e-02  4.454000e-01  5.170000e-02 
 1.890000e-02  9.513000e-01  1.228000e-01  1.177100e+00  3.517000e-01  1.045600e+00  6.800000e-03  1.724800e+00 -4.210000e-02  2.044000e+00  6.100000e-03 -7.700000e-03  1.020000e-01  6.578000e-01 
 9.760000e-02  1.367000e-01  1.787000e-01  1.816000e-01  9.870000e-02  3.317000e-01  7.080000e-02  3.092000e-01  1.655000e-01  2.588000e-01  1.027000e-01  2.720000e-01  6.920000e-02  1.454000e-01 
 8.847000e-01 -4.760000e-02  1.263500e+00  7.040000e-02  1.474600e+00  3.880000e-02  1.329900e+00 -7.300000e-03  1.572400e+00 -5.190000e-02  1.251700e+00  8.340000e-02  7.533000e-01  1.260000e-02 
 4.102000e-01  6.910000e-01  7.255000e-01  8.216000e-01  8.329000e-01  8.367000e-01  1.705600e+00  3.830000e-02  6.300000e-02  1.926100e+00 -7.250000e-02  1.816300e+00  3.804000e-01  5.212000e-01 
 1.200200e+00 -1.123000e-01  7.355000e-01  6.722000e-01  6.381000e-01  3.311000e-01  7.752000e-01  6.237000e-01  5.633000e-01  3.925000e-01  7.433000e-01  6.622000e-01  5.182000e-01  2.040000e-01 
 1.303000e-01  5.144000e-01  2.051000e-01  8.057000e-01  2.318000e-01  9.195000e-01  1.189000e-01  9.103000e-01  2.451000e-01  9.204000e-01  6.870000e-02  9.648000e-01  9.940000e-02  4.873000e-01 
-1.940000e-02  1.128400e+00  9.260000e-02  8.642000e-01 -7.870000e-02  8.619000e-01  1.940000e-02  9.523000e-01 -3.220000e-02  7.856000e-01  1.277000e-01  8.247000e-01  2.400000e-03  6.047000e-01 
 4.836000e-01  3.774000e-01  8.733000e-01  2.825000e-01  9.310000e-01  3.550000e-01  1.847400e+00 -1.350000e-01 -6.380000e-02  2.077500e+00 -3.200000e-03  5.300000e-03  4.776000e-01  2.108000e-01 
 3.880000e-01  7.093000e-01  2.357000e-01  1.496200e+00  1.546000e-01  1.279100e+00  2.154000e-01  1.517400e+00  1.865000e-01  1.174800e+00  2.110000e-01  1.518400e+00  1.589000e-01  7.401000e-01 
 9.033000e-01  1.708000e-01  1.453700e+00  2.186000e-01  1.625800e+00  2.814000e-01  1.394600e+00  2.859000e-01  1.638100e+00  3.015000e-01  1.507100e+00  1.582000e-01  8.207000e-01  1.479000e-01 
 7.640000e-02  9.569000e-01  1.070000e-02  1.348700e+00 -2.890000e-02  1.525800e+00 -6.690000e-02  1.814900e+00  5.600000e-02  1.930900e+00 -7.500000e-03  8.600000e-03  1.070000e-02  7.913000e-01 
 6.920000e-01  1.085000e-01  1.126700e+00  1.214000e-01  1.123300e+00  3.258000e-01  9.782000e-01  2.989000e-01  1.109100e+00  3.648000e-01  9.312000e-01  3.528000e-01  5.654000e-01  1.710000e-01 
 1.140900e+00 -4.250000e-02  5.855000e-01  1.156300e+00  5.839000e-01  5.531000e-01  6.872000e-01  1.039200e+00  5.730000e-01  5.251000e-01  6.184000e-01  1.117100e+00  4.544000e-01  3.476000e-01 
 2.265000e-01  6.849000e-01  5.588000e-01  6.636000e-01  5.984000e-01  7.636000e-01  1.767000e+00 -3.880000e-02  4.490000e-02  1.949400e+00 -5.390000e-02  6.500000e-02  3.104000e-01  4.117000e-01 
 1.136600e+00 -3.860000e-02  7.026000e-01  6.384000e-01  4.141000e-01  5.617000e-01  6.621000e-01  6.825000e-01  6.124000e-01  3.018000e-01  7.418000e-01  5.917000e-01  4.552000e-01  2.588000e-01 
 1.151400e+00 -5.220000e-02  7.812000e-01  9.582000e-01  6.172000e-01  8.571000e-01  8.638000e-01  8.509000e-01  6.028000e-01  8.008000e-01  8.650000e-01  8.518000e-01  5.288000e-01  3.810000e-01 
 3.512000e-01  7.155000e-01  4.879000e-01  1.195400e+00  6.452000e-01  1.257600e+00  5.178000e-01  1.157700e+00  5.995000e-01  1.341400e+00  4.382000e-01  1.253600e+00  2.947000e-01  6.734000e-01 
 3.928000e-01  2.647000e-01  5.870000e-01  4.481000e-01  6.574000e-01  5.253000e-01  6.692000e-01  3.489000e-01  7.849000e-01  3.914000e-01  6.414000e-01  3.851000e-01  3.603000e-01  2.330000e-01 
 9.810000e-02  5.790000e-01  2.610000e-02  1.055300e+00  1.204000e-01  1.094800e+00  1.193000e-01  9.473000e-01  1.539000e-01  1.071500e+00  1.487000e-01  9.104000e-01  5.580000e-02  5.622000e-01 
 3.960000e-01  5.710000e-01  6.352000e-01  8.757000e-01  6.999000e-01  1.032200e+00  6.124000e-01  9.060000e-01  7.728000e-01  9.632000e-01  6.477000e-01  8.664000e-01  3.643000e-01  5.100000e-01 
 1.056200e+00  5.920000e-02  5.754000e-01  5.725000e-01  3.995000e-01  4.736000e-01  4.606000e-01  7.063000e-01  4.667000e-01  3.719000e-01  5.426000e-01  6.059000e-01  3.744000e-01  2.928000e-01 
 1.544000e-01  3.905000e-01  1.708000e-01  6.948000e-01  1.166000e-01  8.799000e-01  1.731000e-01  6.905000e-01  2.379000e-01  7.522000e-01  1.968000e-01  6.632000e-01  1.038000e-01  3.948000e-01 
 7.474000e-01  3.670000e-01  4.144000e-01  1.308300e+00  3.011000e-01  7.628000e-01  4.681000e-01  1.247800e+00  2.852000e-01  7.465000e-01  2.409000e-01  1.516200e+00  2.805000e-01  4.849000e-01 
 5.245000e-01  1.796000e-01  8.253000e-01  2.766000e-01  9.779000e-01  2.720000e-01  8.928000e-01  1.989000e-01  1.056100e+00  1.957000e-01  8.944000e-01  1.973000e-01  4.657000e-01  1.730000e-01 
 2.587000e-01  3.300000e-01  3.558000e-01  5.741000e-01  4.228000e-01  6.357000e-01  3.226000e-01  6.190000e-01  4.366000e-01  6.308000e-01  3.088000e-01  6.295000e-01  2.096000e-01  3.275000e-01 
 4.381000e-01  3.545000e-01  7.058000e-01  5.334000e-01  7.713000e-01  6.482000e-01  6.476000e-01  6.045000e-01  8.761000e-01  5.459000e-01  7.537000e-01  4.779000e-01  4.071000e-01  3.084000e-01 
 1.175000e-01  6.417000e-01  2.160000e-02  3.414000e-01 -4.500000e-03  3.157000e-01  4.350000e-02  3.126000e-01  8.800000e-02  2.014000e-01  8.650000e-02  2.635000e-01  5.010000e-02  2.254000e-01 
 1.150900e+00 -5.330000e-02  8.148000e-01  1.712000e-01  6.775000e-01  8.840000e-02  8.537000e-01  1.243000e-01  6.137000e-01  1.453000e-01  7.788000e-01  2.154000e-01  5.315000e-01  8.070000e-02 
-5.630000e-02  9.848000e-01  1.351000e-01  1.084000e+00  6.650000e-02  1.297100e+00  8.910000e-02  1.623000e+00  6.430000e-02  1.925100e+00  4.000000e-04 -6.000000e-04  4.630000e-02  6.800000e-01 
 1.074000e+00  4.070000e-02  4.828000e-01  1.259400e+00  3.677000e-01  1.607300e+00  4.678000e-01  1.268900e+00  5.239000e-01  1.195600e+00  4.787000e-01  1.261600e+00  3.748000e-01  6.080000e-01 
 3.009000e-01  2.211000e-01  5.387000e-01  3.073000e-01  6.518000e-01  3.179000e-01  1.888000e+00 -1.786000e-01  1.250000e-02 -1.310000e-02  4.310000e-02 -5.170000e-02  3.051000e-01  1.811000e-01 
 4.833000e-01  5.855000e-01  6.725000e-01  1.015700e+00  8.943000e-01  1.002800e+00  7.816000e-01  8.851000e-01  9.070000e-01  1.016200e+00  7.665000e-01  9.063000e-01  4.491000e-01  5.144000e-01 
 2.202000e-01  1.536000e-01  3.610000e-01  2.209000e-01  5.806000e-01  5.000000e-02  3.611000e-01  2.241000e-01  4.184000e-01  2.550000e-01  4.442000e-01  1.251000e-01  2.334000e-01  9.850000e-02 
 5.666000e-01  5.338000e-01  2.767000e-01  1.301500e+00  2.398000e-01  7.728000e-01  2.772000e-01  1.298300e+00  2.390000e-01  7.463000e-01  3.174000e-01  1.256700e+00  2.205000e-01  5.236000e-01 
 3.376000e-01  7.419000e-01  4.848000e-01  1.221000e+00  6.335000e-01  1.291000e+00  5.921000e-01  1.088100e+00  6.010000e-01  1.356400e+00  4.958000e-01  1.201200e+00  3.003000e-01  6.781000e-01 
 9.463000e-01  2.020000e-02  1.380900e+00  1.522000e-01  1.676300e+00  5.780000e-02  1.385100e+00  1.532000e-01  1.648500e+00  1.135000e-01  1.339300e+00  2.017000e-01  8.296000e-01  5.060000e-02 
 3.907000e-01  6.294000e-01  5.879000e-01  7.718000e-01  8.172000e-01  6.377000e-01  1.697300e+00  4.520000e-02  1.263000e-01  1.845900e+00 -1.900000e-03  1.300000e-03  4.017000e-01  3.842000e-01 
 1.724000e-01  3.817000e-01  1.702000e-01  7.203000e-01  2.873000e-01  7.049000e-01  2.921000e-01  5.731000e-01  3.515000e-01  6.442000e-01  2.986000e-01  5.659000e-01  1.455000e-01  3.580000e-01 
 1.312000e-01  7.093000e-01  3.948000e-01  7.673000e-01  5.272000e-01  7.554000e-01  1.743300e+00 -1.250000e-02  2.350000e-02  1.975500e+00  2.500000e-03 -3.900000e-03  2.266000e-01  4.576000e-01 
 1.263000e-01  6.105000e-01  2.655000e-01  8.748000e-01  2.336000e-01  1.076800e+00  1.833000e-01  9.726000e-01  3.004000e-01  1.016500e+00  1.962000e-01  9.532000e-01  1.264000e-01  5.363000e-01 
 6.043000e-01  4.914000e-01  1.090000e+00  5.961000e-01  1.056900e+00  8.966000e-01  1.027900e+00  6.694000e-01  1.212700e+00  7.549000e-01  1.065400e+00  6.278000e-01  6.046000e-01  3.749000e-01 
 1.028400e+00  8.930000e-02  4.097000e-01  9.375000e-01  2.813000e-01  6.865000e-01  3.827000e-01  9.620000e-01  2.830000e-01  6.586000e-01  3.508000e-01  1.008600e+00  3.087000e-01  4.039000e-01 
-1.970000e-02  7.719000e-01  4.634000e-01  5.700000e-01  5.143000e-01  6.520000e-01 -2.580000e-02  1.762600e+00 -1.730000e-02  2.023200e+00  2.500000e-02 -2.650000e-02  1.832000e-01  4.379000e-01 
