 nin   12
 nout  2
 ndata 500
 3.315000e-01  2.156000e-01  6.802000e-01  1.434000e-01  6.825000e-01  2.720000e-01  6.223000e-01  2.092000e-01  7.961000e-01  1.530000e-01  5.856000e-01  2.573000e-01  3.440000e-01  1.401000e-01 
 9.390000e-02  1.008900e+00  3.650000e-02  6.944000e-01  9.080000e-02  4.961000e-01  7.220000e-02  6.521000e-01 -1.300000e-02  6.085000e-01  6.310000e-02  6.597000e-01  5.140000e-02  4.459000e-01 
 5.184000e-01  2.283000e-01  5.300000e-01  6.884000e-01  7.456000e-01  6.171000e-01  6.136000e-01  5.928000e-01  7.678000e-01  6.130000e-01  6.705000e-01  5.202000e-01  3.710000e-01  3.214000e-01 
 4.208000e-01  6.740000e-01  1.651000e-01  7.592000e-01  1.810000e-01  5.448000e-01  1.707000e-01  7.554000e-01  1.635000e-01  5.492000e-01  2.598000e-01  6.455000e-01  1.667000e-01  4.177000e-01 
 3.130000e-01  6.465000e-01  5.908000e-01  6.924000e-01  7.664000e-01  6.262000e-01  1.717700e+00  1.500000e-02  8.510000e-02  1.904600e+00 -1.650000e-02  2.210000e-02  3.378000e-01  4.184000e-01 
 1.145800e+00 -4.670000e-02  4.056000e-01  5.662000e-01  3.123000e-01  4.580000e-01  3.636000e-01  6.134000e-01  3.305000e-01  4.132000e-01  4.167000e-01  5.514000e-01  3.249000e-01  2.790000e-01 
-1.900000e-03  1.732000e-01  5.700000e-03  4.882000e-01  2.076000e-01  3.910000e-01  8.600000e-03  1.719800e+00  2.150000e-02 -2.580000e-02  6.730000e-02 -8.290000e-02  5.100000e-02  2.123000e-01 
 7.800000e-03  4.615000e-01  1.181000e-01  6.590000e-01  2.587000e-01  6.352000e-01 -1.910000e-02  1.749100e+00  1.098000e-01 -1.315000e-01  4.070000e-02 -4.850000e-02  6.210000e-02  3.856000e-01 
 7.305000e-01  1.189000e-01  1.062600e+00  1.013000e-01  1.138500e+00  1.486000e-01  1.763100e+00 -4.160000e-02  2.073100e+00 -8.720000e-02 -4.390000e-02  5.300000e-02  6.070000e-01  8.130000e-02 
 6.199000e-01  4.779000e-01  9.528000e-01  7.463000e-01  9.741000e-01  8.633000e-01  1.677100e+00  6.200000e-02  2.027100e+00 -3.010000e-02  1.510000e-02  1.714700e+00  5.065000e-01  4.589000e-01 
 1.130800e+00 -2.860000e-02  1.000500e+00  7.387000e-01  8.390000e-01  1.874000e-01  1.084800e+00  6.374000e-01  8.534000e-01  1.373000e-01  1.042200e+00  6.836000e-01  6.215000e-01  1.323000e-01 
 5.093000e-01  6.038000e-01  2.874000e-01  8.162000e-01  2.267000e-01  6.181000e-01  2.646000e-01  8.490000e-01  3.365000e-01  4.648000e-01  2.815000e-01  8.254000e-01  2.280000e-01  4.243000e-01 
 7.600000e-02  5.010000e-01  1.870000e-01  7.011000e-01  1.728000e-01  8.475000e-01  2.300000e-01  6.536000e-01  1.616000e-01  8.732000e-01  1.603000e-01  7.331000e-01  9.550000e-02  4.203000e-01 
 4.662000e-01  1.209000e-01  7.657000e-01  1.390000e-01  8.886000e-01  1.304000e-01  1.694000e+00  4.530000e-02 -1.170000e-02  2.011100e+00 -1.940000e-02  2.170000e-02  4.422000e-01  7.900000e-02 
 1.125400e+00 -2.520000e-02  6.776000e-01  1.793000e-01  4.287000e-01  2.804000e-01  6.003000e-01  2.737000e-01  4.541000e-01  2.370000e-01  6.775000e-01  1.850000e-01  4.369000e-01  1.284000e-01 
 3.334000e-01  5.468000e-01  6.072000e-01  7.549000e-01  6.294000e-01  9.322000e-01  5.850000e-01  7.859000e-01  6.324000e-01  9.568000e-01  6.026000e-01  7.616000e-01  3.277000e-01  4.629000e-01 
 3.760000e-02  7.113000e-01  4.992000e-01  5.377000e-01  6.049000e-01  5.530000e-01  1.663500e+00  8.210000e-02 -1.890000e-02  2.024100e+00  1.400000e-03 -3.000000e-03  2.534000e-01  3.568000e-01 
 1.703000e-01  2.234000e-01  2.677000e-01  3.477000e-01  2.734000e-01  4.324000e-01  1.222000e-01  5.213000e-01  2.333000e-01  4.926000e-01  2.044000e-01  4.215000e-01  1.407000e-01  2.175000e-01 
 1.328000e-01  2.144000e-01  2.466000e-01  2.912000e-01  3.244000e-01  2.815000e-01  1.586000e-01  3.982000e-01  3.165000e-01  3.005000e-01  3.038000e-01  2.239000e-01  1.300000e-01  1.831000e-01 
 1.106900e+00 -1.500000e-03  1.787100e+00 -7.230000e-02  1.038900e+00  7.086000e-01  1.672800e+00  7.010000e-02  1.008300e+00  5.901000e-01  1.740500e+00 -1.880000e-02  7.498000e-01  2.096000e-01 
 1.083700e+00  2.940000e-02  6.675000e-01  5.421000e-01  5.040000e-01  3.997000e-01  7.271000e-01  4.673000e-01  6.061000e-01  2.526000e-01  7.957000e-01  3.861000e-01  4.794000e-01  1.997000e-01 
 6.379000e-01  3.709000e-01  9.139000e-01  6.785000e-01  1.117100e+00  6.825000e-01  9.074000e-01  6.917000e-01  1.152700e+00  6.739000e-01  9.866000e-01  5.957000e-01  5.590000e-01  3.562000e-01 
 6.520000e-02  4.575000e-01  5.170000e-01  2.900000e-01  6.257000e-01  3.041000e-01  1.700700e+00  3.410000e-02 -1.700000e-03  2.400000e-03 -4.430000e-02  5.270000e-02  2.800000e-01  1.838000e-01 
 5.460000e-02  4.317000e-01  2.260000e-02  8.026000e-01  2.228000e-01  7.077000e-01  1.370000e-02  1.717800e+00 -5.640000e-02  6.540000e-02 -9.100000e-03  1.070000e-02  7.470000e-02  3.874000e-01 
 6.250000e-02  1.036100e+00 -3.160000e-02  9.835000e-01  1.020000e-02  7.331000e-01 -5.260000e-02  1.005500e+00 -5.360000e-02  7.915000e-01 -2.270000e-02  9.754000e-01  3.200000e-03  5.922000e-01 
 8.813000e-01  2.321000e-01  4.637000e-01  1.117000e-01  2.749000e-01  2.270000e-01  4.328000e-01  1.497000e-01  3.223000e-01  1.589000e-01  4.639000e-01  1.134000e-01  2.964000e-01  1.282000e-01 
 2.830000e-02  1.087400e+00  1.069000e-01  6.261000e-01  1.089000e-01  4.879000e-01 -3.670000e-02  7.978000e-01 -6.910000e-02  6.871000e-01  4.170000e-02  7.048000e-01  3.750000e-02  4.698000e-01 
 1.116000e+00 -1.490000e-02  1.075900e+00  6.281000e-01  6.518000e-01  9.179000e-01  9.002000e-01  8.356000e-01  6.325000e-01  8.442000e-01  8.748000e-01  8.595000e-01  5.796000e-01  3.492000e-01 
 3.371000e-01  7.714000e-01  7.103000e-01  8.678000e-01  8.329000e-01  8.652000e-01  1.701600e+00  3.270000e-02 -1.300000e-01  2.157200e+00 -8.280000e-02  1.834700e+00  3.773000e-01  5.367000e-01 
 7.327000e-01  3.195000e-01  9.908000e-01  6.799000e-01  1.154500e+00  7.437000e-01  1.039000e+00  6.200000e-01  1.251800e+00  6.617000e-01  9.425000e-01  7.395000e-01  5.773000e-01  3.877000e-01 
 3.568000e-01  4.784000e-01  7.597000e-01  3.709000e-01  7.185000e-01  5.614000e-01  1.689700e+00  4.820000e-02 -5.500000e-02  2.069800e+00  1.110000e-02 -1.070000e-02  3.974000e-01  2.757000e-01 
 8.451000e-01  2.537000e-01  1.175900e+00  3.158000e-01  1.157700e+00  4.833000e-01  1.690800e+00  5.060000e-02  1.869400e+00  1.534000e-01 -8.700000e-02  1.834000e+00  6.629000e-01  2.139000e-01 
 1.053400e+00  6.240000e-02  9.920000e-01  7.462000e-01  6.545000e-01  9.606000e-01  9.666000e-01  7.742000e-01  7.771000e-01  7.086000e-01  9.877000e-01  7.512000e-01  6.243000e-01  3.112000e-01 
 7.150000e-02  1.045000e+00  1.133000e-01  8.252000e-01  4.200000e-02  7.057000e-01  1.016000e-01  8.422000e-01  7.360000e-02  6.540000e-01  7.840000e-02  8.680000e-01  7.220000e-02  5.227000e-01 
 1.002600e+00  1.198000e-01  6.942000e-01  1.048700e+00  5.669000e-01  5.787000e-01  7.905000e-01  9.402000e-01  6.875000e-01  3.929000e-01  7.361000e-01  1.000800e+00  5.116000e-01  2.856000e-01 
 4.843000e-01  6.102000e-01  2.827000e-01  1.441700e+00  2.176000e-01  8.856000e-01  3.216000e-01  1.399100e+00  8.600000e-02  1.002300e+00  2.466000e-01  1.485100e+00  1.914000e-01  5.923000e-01 
 3.972000e-01  1.078000e-01  5.178000e-01  2.948000e-01  5.923000e-01  3.344000e-01  5.037000e-01  3.121000e-01  6.118000e-01  3.270000e-01  5.425000e-01  2.633000e-01  3.099000e-01  1.574000e-01 
 3.522000e-01  3.868000e-01  5.201000e-01  6.377000e-01  5.522000e-01  7.776000e-01  5.076000e-01  6.553000e-01  6.258000e-01  7.105000e-01  4.515000e-01  7.196000e-01  3.029000e-01  3.665000e-01 
 2.230000e-01  8.879000e-01  1.593000e-01  7.129000e-01  1.089000e-01  5.914000e-01  1.294000e-01  7.501000e-01  1.590000e-01  5.180000e-01  1.132000e-01  7.677000e-01  1.232000e-01  4.428000e-01 
 4.409000e-01 -1.820000e-02  6.190000e-01  5.930000e-02  5.689000e-01  2.286000e-01  4.717000e-01  2.311000e-01  5.974000e-01  2.056000e-01  4.849000e-01  2.192000e-01  3.067000e-01  9.330000e-02 
 7.310000e-02  4.657000e-01  1.022000e-01  7.503000e-01  5.510000e-02  9.277000e-01  7.300000e-02  7.852000e-01  1.180000e-01  8.651000e-01  1.219000e-01  7.260000e-01  5.260000e-02  4.397000e-01 
 6.670000e-02  5.461000e-01  4.370000e-01  4.789000e-01  5.523000e-01  4.830000e-01  1.668600e+00  7.700000e-02  1.280000e-02  1.978700e+00  3.340000e-02 -4.030000e-02  2.290000e-01  3.043000e-01 
 8.427000e-01  2.270000e-01  1.094300e+00  3.023000e-01  1.294900e+00  2.022000e-01  1.886300e+00 -1.803000e-01  2.044700e+00 -4.780000e-02  2.900000e-03  1.732800e+00  6.900000e-01  1.222000e-01 
 1.126600e+00 -2.560000e-02  5.215000e-01  1.210700e+00  4.669000e-01  6.685000e-01  5.571000e-01  1.170500e+00  4.676000e-01  6.308000e-01  4.948000e-01  1.244900e+00  3.906000e-01  4.083000e-01 
 5.600000e-01  3.640000e-01  8.255000e-01  6.307000e-01  9.831000e-01  6.679000e-01  8.842000e-01  5.626000e-01  9.357000e-01  7.488000e-01  8.266000e-01  6.312000e-01  4.738000e-01  3.681000e-01 
 4.810000e-02  1.007400e+00  4.296000e-01  9.304000e-01  4.478000e-01  1.047200e+00  1.756000e+00 -3.380000e-02 -7.480000e-02  2.089300e+00 -4.250000e-02  5.140000e-02  2.391000e-01  5.596000e-01 
 1.095200e+00  1.350000e-02  8.862000e-01  8.475000e-01  7.144000e-01  3.892000e-01  9.740000e-01  7.529000e-01  7.114000e-01  3.571000e-01  9.248000e-01  8.077000e-01  5.859000e-01  1.979000e-01 
 2.006000e-01  3.454000e-01  3.986000e-01  4.469000e-01  3.417000e-01  6.387000e-01  2.808000e-01  5.793000e-01  4.392000e-01  5.374000e-01  3.424000e-01  5.096000e-01  2.043000e-01  2.865000e-01 
-2.480000e-02  8.079000e-01  3.514000e-01  7.237000e-01  4.603000e-01  7.386000e-01  8.570000e-02  1.632300e+00  6.240000e-02  1.922700e+00 -2.600000e-02  3.120000e-02  1.639000e-01  4.770000e-01 
 4.297000e-01  1.825000e-01  5.939000e-01  3.794000e-01  7.233000e-01  3.816000e-01  6.731000e-01  2.893000e-01  7.694000e-01  3.435000e-01  7.308000e-01  2.192000e-01  3.835000e-01  1.722000e-01 
 6.357000e-01  4.547000e-01  2.637000e-01  7.217000e-01  2.175000e-01  5.563000e-01  2.751000e-01  7.127000e-01  1.261000e-01  6.451000e-01  2.460000e-01  7.426000e-01  2.248000e-01  3.850000e-01 
 1.124800e+00 -2.590000e-02  4.916000e-01  1.229300e+00  3.932000e-01  9.462000e-01  5.271000e-01  1.185500e+00  4.211000e-01  8.591000e-01  5.142000e-01  1.206400e+00  3.246000e-01  5.502000e-01 
 1.131100e+00 -2.980000e-02  1.013700e+00  7.144000e-01  8.036000e-01  2.317000e-01  1.076000e+00  6.498000e-01  7.927000e-01  2.099000e-01  9.650000e-01  7.713000e-01  6.183000e-01  1.358000e-01 
 3.026000e-01  4.889000e-01  6.114000e-01  4.941000e-01  6.889000e-01  5.464000e-01  1.615600e+00  1.361000e-01  5.000000e-04  2.004300e+00  3.290000e-02 -3.970000e-02  3.152000e-01  3.408000e-01 
-1.580000e-02  4.553000e-01  1.158000e-01  6.442000e-01  3.486000e-01  5.106000e-01 -1.019000e-01  1.854600e+00  2.450000e-02 -3.050000e-02  6.260000e-02 -7.460000e-02  1.096000e-01  3.147000e-01 
-8.610000e-02  1.207600e+00  3.407000e-01  1.090100e+00  5.373000e-01  9.981000e-01 -3.530000e-02  1.776400e+00 -1.200000e-03  2.001700e+00  2.530000e-02  1.701800e+00  1.707000e-01  6.720000e-01 
 3.425000e-01  1.699000e-01  6.039000e-01  1.853000e-01  5.608000e-01  3.606000e-01  5.748000e-01  2.185000e-01  6.062000e-01  3.205000e-01  4.801000e-01  3.313000e-01  3.026000e-01  1.613000e-01 
 8.624000e-01  2.389000e-01  1.129600e+00  5.381000e-01  1.292500e+00  4.896000e-01  1.810500e+00 -9.300000e-02  2.041200e+00 -4.980000e-02  4.800000e-03  1.730400e+00  6.792000e-01  2.692000e-01 
-2.360000e-02  6.987000e-01  1.493000e-01  8.415000e-01  2.933000e-01  8.121000e-01 -3.410000e-02  1.772800e+00 -7.390000e-02  2.085800e+00 -5.190000e-02  6.100000e-02  1.021000e-01  4.729000e-01 
 1.140600e+00 -3.760000e-02  5.592000e-01  1.172900e+00  3.989000e-01  8.188000e-01  6.176000e-01  1.108100e+00  4.037000e-01  7.717000e-01  5.580000e-01  1.172800e+00  4.104000e-01  4.151000e-01 
 4.442000e-01  2.989000e-01  6.370000e-01  5.436000e-01  8.215000e-01  5.003000e-01  7.841000e-01  3.647000e-01  7.794000e-01  5.730000e-01  6.997000e-01  4.653000e-01  3.936000e-01  2.806000e-01 
 7.410000e-02  3.967000e-01  4.133000e-01  3.645000e-01  4.413000e-01  4.767000e-01 -4.360000e-02  1.781800e+00  4.830000e-02 -5.760000e-02  1.240000e-02 -1.260000e-02  1.716000e-01  2.843000e-01 
 3.583000e-01  7.460000e-01  1.489000e-01  6.681000e-01  1.327000e-01  5.254000e-01  1.705000e-01  6.434000e-01  1.733000e-01  4.643000e-01  1.570000e-01  6.552000e-01  1.646000e-01  3.708000e-01 
 5.144000e-01  7.100000e-03  7.310000e-01  1.166000e-01  8.438000e-01  1.292000e-01  1.745400e+00 -2.040000e-02  5.240000e-02 -6.220000e-02  2.000000e-04 -1.200000e-03  4.207000e-01  6.780000e-02 
 6.726000e-01  1.323000e-01  1.144800e+00  9.590000e-02  1.362000e+00  3.870000e-02  1.169700e+00  6.840000e-02  1.369600e+00  5.110000e-02  1.182100e+00  5.370000e-02  6.784000e-01  3.530000e-02 
 1.674000e-01  3.897000e-01  4.111000e-01  4.741000e-01  6.153000e-01  3.688000e-01  1.697900e+00  3.140000e-02 -5.520000e-02  2.065200e+00 -4.320000e-02  5.020000e-02  2.435000e-01  2.632000e-01 
 3.785000e-01  7.282000e-01  1.824000e-01  7.266000e-01  1.605000e-01  5.580000e-01  1.435000e-01  7.714000e-01  1.922000e-01  5.056000e-01  3.317000e-01  5.522000e-01  1.777000e-01  3.997000e-01 
 3.145000e-01  7.818000e-01  1.241000e-01  5.976000e-01  1.230000e-01  4.677000e-01  1.220000e-01  6.060000e-01  1.649000e-01  4.058000e-01  7.690000e-02  6.546000e-01  1.322000e-01  3.602000e-01 
 2.918000e-01  2.719000e-01  6.459000e-01  2.241000e-01  7.378000e-01  2.574000e-01  1.683400e+00  6.250000e-02  2.860000e-02  1.964400e+00 -5.600000e-03  6.500000e-03  3.631000e-01  1.400000e-01 
 1.151300e+00 -5.120000e-02  6.183000e-01  3.049000e-01  6.627000e-01  3.790000e-02  7.937000e-01  9.420000e-02  5.698000e-01  1.317000e-01  8.385000e-01  4.390000e-02  4.815000e-01  9.850000e-02 
 1.269000e-01  9.731000e-01  4.120000e-01  1.036700e+00  5.733000e-01  9.856000e-01  1.699400e+00  3.680000e-02 -2.470000e-02  2.024300e+00 -1.100000e-02  1.743800e+00  2.299000e-01  6.160000e-01 
-9.200000e-03  6.616000e-01  5.080000e-02  9.117000e-01  1.767000e-01  9.075000e-01  2.000000e-02  1.709800e+00 -6.340000e-02  2.076700e+00 -2.020000e-02  2.450000e-02  4.400000e-02  5.188000e-01 
 3.096000e-01  3.670000e-01  4.894000e-01  5.677000e-01  5.287000e-01  6.841000e-01  4.190000e-01  6.544000e-01  5.844000e-01  6.375000e-01  5.973000e-01  4.401000e-01  2.783000e-01  3.331000e-01 
 5.330000e-02  8.748000e-01  1.818000e-01  1.072900e+00  2.553000e-01  1.123700e+00 -2.450000e-02  1.760300e+00 -3.000000e-03  2.009000e+00  4.320000e-02 -5.350000e-02  1.072000e-01  6.315000e-01 
 1.054700e+00  5.700000e-02  9.906000e-01  9.390000e-02  8.846000e-01 -8.220000e-02  1.024500e+00  4.920000e-02  7.418000e-01  6.930000e-02  1.035600e+00  3.830000e-02  6.174000e-01  2.600000e-02 
 4.399000e-01  3.581000e-01  8.365000e-01  3.885000e-01  9.079000e-01  4.923000e-01  7.725000e-01  4.573000e-01  7.929000e-01  6.507000e-01  7.882000e-01  4.434000e-01  4.279000e-01  2.874000e-01 
 4.167000e-01  5.007000e-01  6.382000e-01  7.986000e-01  8.046000e-01  8.237000e-01  7.404000e-01  6.831000e-01  7.403000e-01  9.233000e-01  6.321000e-01  8.118000e-01  3.938000e-01  4.348000e-01 
 1.641000e-01  5.116000e-01  5.404000e-01  4.425000e-01  5.521000e-01  5.661000e-01  1.699300e+00  3.610000e-02  2.810000e-02  1.964300e+00  6.130000e-02 -7.280000e-02  2.508000e-01  3.306000e-01 
 6.288000e-01  4.748000e-01  3.036000e-01  1.429400e+00  1.956000e-01  1.249500e+00  3.526000e-01  1.368400e+00  2.819000e-01  1.080300e+00  2.704000e-01  1.468300e+00  2.507000e-01  6.484000e-01 
 2.369000e-01  6.611000e-01  5.288000e-01  6.834000e-01  6.557000e-01  6.726000e-01  1.709300e+00  2.570000e-02 -3.230000e-02  2.038300e+00 -7.010000e-02  8.680000e-02  2.784000e-01  4.395000e-01 
 8.934000e-01  2.195000e-01  4.395000e-01  9.475000e-01  3.611000e-01  6.075000e-01  3.924000e-01  1.003200e+00  3.487000e-01  5.886000e-01  4.447000e-01  9.433000e-01  2.960000e-01  4.255000e-01 
 3.127000e-01  7.936000e-01  2.430000e-01  1.480400e+00  1.331000e-01  1.843300e+00  1.919000e-01  1.538600e+00  8.090000e-02  1.620200e+00  2.307000e-01  1.493000e+00  1.468000e-01  8.283000e-01 
 4.778000e-01  5.678000e-01  8.714000e-01  7.462000e-01  9.055000e-01  9.499000e-01  8.423000e-01  7.811000e-01  9.141000e-01  9.747000e-01  7.781000e-01  8.622000e-01  4.561000e-01  4.868000e-01 
 8.896000e-01  2.207000e-01  2.578000e-01  1.349300e+00  2.169000e-01  8.216000e-01  4.123000e-01  1.165400e+00  3.797000e-01  5.948000e-01  4.365000e-01  1.129600e+00  2.961000e-01  4.484000e-01 
 1.164000e-01  5.170000e-01  9.500000e-03  1.017200e+00  1.090000e-02  1.156900e+00 -2.770000e-02  1.060900e+00 -2.000000e-03  1.186900e+00  7.900000e-02  9.352000e-01  2.830000e-02  5.596000e-01 
 4.084000e-01  6.935000e-01  7.813000e-01  7.456000e-01  8.580000e-01  7.981000e-01  1.763400e+00 -3.380000e-02  3.120000e-02  1.962900e+00  4.640000e-02  1.680600e+00  4.056000e-01  4.892000e-01 
 4.115000e-01  3.150000e-01  6.251000e-01  5.168000e-01  6.864000e-01  6.216000e-01  6.157000e-01  5.283000e-01  5.501000e-01  8.035000e-01  5.848000e-01  5.660000e-01  3.420000e-01  3.209000e-01 
 5.793000e-01  5.256000e-01  2.275000e-01  6.283000e-01  2.350000e-01  4.414000e-01  3.038000e-01  5.316000e-01  2.404000e-01  4.183000e-01  2.991000e-01  5.356000e-01  2.314000e-01  3.192000e-01 
 1.988000e-01  4.499000e-01  2.277000e-01  8.006000e-01  2.805000e-01  8.852000e-01  2.238000e-01  8.069000e-01  2.915000e-01  8.895000e-01  2.605000e-01  7.604000e-01  1.524000e-01  4.373000e-01 
 5.380000e-02  4.115000e-01  1.528000e-01  5.627000e-01  5.870000e-02  7.814000e-01  1.204000e-01  6.025000e-01  2.900000e-03  8.575000e-01  8.210000e-02  6.511000e-01  4.320000e-02  3.794000e-01 
 5.143000e-01  4.670000e-01  6.954000e-01  6.313000e-01  8.395000e-01  5.981000e-01  1.833600e+00 -1.195000e-01  6.730000e-02  1.927100e+00  4.320000e-02 -5.020000e-02  4.050000e-01  3.727000e-01 
 1.093200e+00  1.700000e-02  9.920000e-01  2.131000e-01  8.428000e-01  4.310000e-02  1.037400e+00  1.593000e-01  8.353000e-01  2.400000e-02  1.127100e+00  5.930000e-02  6.564000e-01  1.860000e-02 
 1.529000e-01  7.166000e-01  4.760000e-01  7.066000e-01  6.900000e-01  5.941000e-01  1.790100e+00 -6.710000e-02  8.600000e-03  1.987800e+00 -4.000000e-03  4.600000e-03  3.005000e-01  3.884000e-01 
 6.414000e-01  1.886000e-01  9.415000e-01  2.036000e-01  9.966000e-01  2.832000e-01  1.774400e+00 -5.000000e-02  2.061900e+00 -7.050000e-02  2.750000e-02 -3.310000e-02  5.474000e-01  1.283000e-01 
 1.100400e+00  1.080000e-02  1.541000e+00  1.791000e-01  9.895000e-01  8.366000e-01  1.446100e+00  2.887000e-01  9.364000e-01  7.076000e-01  1.512700e+00  2.114000e-01  7.341000e-01  2.329000e-01 
 1.063300e+00  4.970000e-02  6.328000e-01  1.103200e+00  4.612000e-01  1.008900e+00  7.123000e-01  1.013200e+00  5.231000e-01  8.612000e-01  7.706000e-01  9.377000e-01  4.556000e-01  4.502000e-01 
 9.390000e-02  2.852000e-01  1.502000e-01  5.744000e-01  3.306000e-01  4.972000e-01  2.500000e-02  1.699300e+00  2.940000e-02 -3.570000e-02 -5.610000e-02  6.750000e-02  1.023000e-01  3.008000e-01 
 6.954000e-01  2.670000e-01  1.011800e+00  2.593000e-01  1.137400e+00  2.561000e-01  1.706800e+00  3.340000e-02  2.083900e+00 -9.270000e-02  1.300000e-02 -1.780000e-02  6.024000e-01  1.478000e-01 
 1.190800e+00 -9.960000e-02  3.961000e-01  1.285800e+00  3.905000e-01  6.359000e-01  4.426000e-01  1.233500e+00  3.446000e-01  6.614000e-01  4.912000e-01  1.180000e+00  3.361000e-01  4.130000e-01 
 5.374000e-01  3.805000e-01  8.830000e-01  5.444000e-01  1.049100e+00  5.771000e-01  9.036000e-01  5.234000e-01  1.049500e+00  5.964000e-01  9.324000e-01  4.881000e-01  5.132000e-01  3.125000e-01 
 1.039100e+00  7.860000e-02  1.266200e+00  4.742000e-01  9.161000e-01  1.626000e-01  1.197900e+00  5.470000e-01  9.137000e-01  1.269000e-01  1.213700e+00  5.333000e-01  6.993000e-01  7.170000e-02 
 6.458000e-01  4.649000e-01  2.589000e-01  9.217000e-01  3.329000e-01  5.323000e-01  2.311000e-01  9.548000e-01  1.899000e-01  6.802000e-01  3.269000e-01  8.420000e-01  2.573000e-01  4.138000e-01 
 1.052100e+00  6.650000e-02  7.528000e-01  9.807000e-01  6.024000e-01  8.703000e-01  7.803000e-01  9.460000e-01  7.222000e-01  6.507000e-01  7.261000e-01  1.012000e+00  5.141000e-01  3.938000e-01 
 5.840000e-02  5.279000e-01  8.240000e-02  8.389000e-01  8.580000e-02  9.652000e-01  7.990000e-02  8.364000e-01  1.640000e-02  1.055800e+00  1.320000e-01  7.804000e-01  6.160000e-02  4.665000e-01 
 4.050000e-02  9.263000e-01  3.432000e-01  9.408000e-01  4.826000e-01  9.161000e-01 -1.620000e-02  1.747900e+00 -1.530000e-02  2.022200e+00  6.260000e-02 -7.430000e-02  1.872000e-01  5.699000e-01 
 5.268000e-01  3.336000e-01  6.997000e-01  4.976000e-01  9.724000e-01  3.158000e-01  1.717100e+00  1.850000e-02  1.060000e-02  1.983800e+00 -2.130000e-02  2.460000e-02  4.486000e-01  2.498000e-01 
 1.870000e-02  6.936000e-01  1.526000e-01  8.764000e-01  2.685000e-01  8.772000e-01 -2.400000e-02  1.761100e+00  5.660000e-02  1.933300e+00  3.520000e-02 -4.000000e-02  7.850000e-02  5.252000e-01 
 1.103300e+00  3.900000e-03  8.285000e-01  3.832000e-01  6.649000e-01  2.246000e-01  6.963000e-01  5.402000e-01  5.935000e-01  2.886000e-01  7.667000e-01  4.494000e-01  5.473000e-01  1.339000e-01 
 8.410000e-02  1.032800e+00  4.392000e-01  1.048400e+00  6.082000e-01  9.935000e-01  1.738900e+00 -3.800000e-03 -2.100000e-02  2.026900e+00 -1.067000e-01  1.858800e+00  2.398000e-01  6.295000e-01 
 4.689000e-01  4.092000e-01  6.791000e-01  7.029000e-01  8.472000e-01  7.169000e-01  6.373000e-01  7.540000e-01  7.336000e-01  8.768000e-01  7.611000e-01  6.114000e-01  3.997000e-01  3.986000e-01 
 5.368000e-01  2.121000e-01  7.638000e-01  3.146000e-01  8.883000e-01  3.072000e-01  1.674800e+00  6.920000e-02  9.300000e-03  1.989600e+00  6.700000e-03 -9.100000e-03  4.426000e-01  1.885000e-01 
 4.240000e-01  4.900000e-01  7.232000e-01  5.014000e-01  8.591000e-01  4.838000e-01  1.772600e+00 -4.870000e-02  4.240000e-02  1.954800e+00 -1.780000e-02  2.100000e-02  4.348000e-01  2.854000e-01 
 1.050000e-01  1.003300e+00  2.230000e-02  5.880000e-01  3.430000e-02  4.697000e-01  1.249000e-01  4.665000e-01  6.710000e-02  4.225000e-01  1.030000e-01  4.903000e-01  6.130000e-02  3.688000e-01 
 3.111000e-01  3.751000e-01  4.651000e-01  6.121000e-01  6.362000e-01  5.681000e-01  5.020000e-01  5.630000e-01  6.580000e-01  5.583000e-01  5.059000e-01  5.646000e-01  3.052000e-01  3.081000e-01 
 4.478000e-01 -1.400000e-03  6.501000e-01  6.110000e-02  7.771000e-01  2.590000e-02  6.717000e-01  3.060000e-02  7.627000e-01  5.250000e-02  6.493000e-01  5.720000e-02  3.869000e-01  2.020000e-02 
 7.303000e-01  3.720000e-01  3.490000e-01  6.100000e-01  2.788000e-01  4.756000e-01  2.771000e-01  6.963000e-01  3.090000e-01  4.241000e-01  2.837000e-01  6.863000e-01  2.655000e-01  3.350000e-01 
 5.140000e-02  1.062500e+00  3.940000e-02  4.118000e-01 -9.000000e-03  4.001000e-01  1.314000e-01  3.037000e-01  7.130000e-02  2.978000e-01  7.100000e-02  3.778000e-01  4.670000e-02  2.925000e-01 
 4.980000e-01  5.100000e-01  8.111000e-01  5.115000e-01  8.700000e-01  5.826000e-01  1.682700e+00  5.570000e-02  7.700000e-03  1.987000e+00  3.500000e-02 -4.180000e-02  4.798000e-01  2.986000e-01 
 2.034000e-01  6.543000e-01  2.535000e-01  1.109500e+00  3.152000e-01  1.231200e+00  2.384000e-01  1.129500e+00  3.808000e-01  1.179800e+00  2.254000e-01  1.140700e+00  1.744000e-01  6.073000e-01 
 3.153000e-01  4.310000e-01  6.277000e-01  5.140000e-01  6.222000e-01  6.974000e-01  6.016000e-01  5.469000e-01  7.290000e-01  5.904000e-01  5.691000e-01  5.835000e-01  3.592000e-01  3.007000e-01 
 8.961000e-01  2.310000e-02  1.048800e+00  2.182000e-01  1.305600e+00  6.030000e-02  1.701700e+00  3.300000e-02  2.162900e+00 -1.954000e-01 -5.500000e-03  6.700000e-03  6.851000e-01  5.080000e-02 
 1.099300e+00  6.800000e-03  4.745000e-01  1.250200e+00  3.631000e-01  8.284000e-01  4.291000e-01  1.304800e+00  3.799000e-01  7.691000e-01  5.049000e-01  1.217200e+00  3.288000e-01  4.910000e-01 
 1.124000e-01  4.549000e-01  1.585000e-01  7.363000e-01  7.680000e-02  9.628000e-01  1.012000e-01  8.069000e-01  9.650000e-02  9.527000e-01  1.245000e-01  7.763000e-01  5.500000e-02  4.688000e-01 
 2.914000e-01  8.203000e-01  1.384000e-01  9.877000e-01  1.531000e-01  6.968000e-01  2.093000e-01  9.102000e-01  2.100000e-01  6.084000e-01  1.684000e-01  9.538000e-01  1.537000e-01  5.024000e-01 
 2.503000e-01  5.377000e-01  4.508000e-01  7.689000e-01  6.041000e-01  7.665000e-01  4.468000e-01  7.721000e-01  6.211000e-01  7.645000e-01  4.442000e-01  7.789000e-01  2.925000e-01  4.055000e-01 
 5.522000e-01  9.600000e-02  8.623000e-01  9.830000e-02  9.783000e-01  1.028000e-01  1.732200e+00  1.400000e-03  6.040000e-02  1.928700e+00 -1.110000e-02  1.420000e-02  4.638000e-01  1.047000e-01 
 6.990000e-01  1.695000e-01  1.112800e+00  2.379000e-01  1.287200e+00  2.463000e-01  1.054400e+00  3.047000e-01  1.330800e+00  2.267000e-01  1.103400e+00  2.486000e-01  6.255000e-01  1.588000e-01 
 1.206000e-01  5.177000e-01  2.957000e-01  6.815000e-01  2.742000e-01  8.485000e-01  2.064000e-01  7.865000e-01  3.213000e-01  8.104000e-01  2.374000e-01  7.500000e-01  1.375000e-01  4.325000e-01 
 7.560000e-02  4.799000e-01  1.069000e-01  7.654000e-01  2.251000e-01  7.443000e-01  2.162000e-01  6.340000e-01  1.732000e-01  8.273000e-01  1.715000e-01  6.874000e-01  9.100000e-02  4.062000e-01 
 2.584000e-01  8.386000e-01  7.620000e-02  7.278000e-01  1.070000e-01  5.378000e-01  7.110000e-02  7.384000e-01  7.870000e-02  5.573000e-01  4.850000e-02  7.629000e-01  1.041000e-01  4.274000e-01 
 7.270000e-01  3.828000e-01  1.070200e+00  4.521000e-01  1.323100e+00  3.022000e-01  1.663400e+00  8.400000e-02  2.080600e+00 -9.090000e-02  7.430000e-02  1.642100e+00  6.176000e-01  2.725000e-01 
 2.311000e-01  8.728000e-01  1.756000e-01  5.309000e-01  1.360000e-01  4.464000e-01  1.481000e-01  5.650000e-01  6.090000e-02  5.215000e-01  1.231000e-01  5.944000e-01  1.064000e-01  3.859000e-01 
 6.257000e-01  4.252000e-01  8.745000e-01  5.017000e-01  8.145000e-01  7.101000e-01  1.767800e+00 -4.060000e-02  3.790000e-02  1.954800e+00 -3.610000e-02  1.777500e+00  4.962000e-01  3.155000e-01 
 3.711000e-01  3.448000e-01  6.690000e-01  3.564000e-01  7.493000e-01  4.080000e-01  1.665500e+00  8.190000e-02  4.510000e-02  1.949600e+00  1.120000e-02 -1.470000e-02  3.586000e-01  2.472000e-01 
 1.091400e+00  1.500000e-02  7.516000e-01  9.932000e-01  6.739000e-01  4.224000e-01  9.437000e-01  7.683000e-01  6.294000e-01  4.399000e-01  8.063000e-01  9.298000e-01  5.482000e-01  2.326000e-01 
 4.256000e-01  2.780000e-02  6.816000e-01  2.220000e-02  7.522000e-01  5.630000e-02  6.717000e-01  3.390000e-02  8.997000e-01 -1.075000e-01  6.933000e-01  9.500000e-03  3.776000e-01  3.240000e-02 
 1.028000e+00  9.510000e-02  5.619000e-01  4.529000e-01  5.648000e-01  2.058000e-01  6.508000e-01  3.510000e-01  4.077000e-01  3.744000e-01  5.686000e-01  4.476000e-01  4.042000e-01  2.186000e-01 
-4.200000e-02  7.610000e-01  1.212000e-01  9.064000e-01  1.753000e-01  9.878000e-01  5.340000e-02  1.670300e+00 -1.660000e-02  2.013600e+00  6.680000e-02 -7.970000e-02  7.740000e-02  5.239000e-01 
 3.907000e-01  5.587000e-01  6.918000e-01  5.787000e-01  7.508000e-01  6.533000e-01  1.765900e+00 -3.900000e-02 -4.400000e-03  2.007300e+00  1.150000e-02 -1.440000e-02  3.759000e-01  3.750000e-01 
 5.883000e-01  4.444000e-01  9.442000e-01  6.742000e-01  1.223800e+00  5.907000e-01  1.045900e+00  5.541000e-01  1.129100e+00  7.246000e-01  1.068700e+00  5.271000e-01  5.945000e-01  3.288000e-01 
 1.261000e-01  4.338000e-01  2.383000e-01  6.331000e-01  1.393000e-01  8.796000e-01  7.800000e-02  8.233000e-01  1.462000e-01  8.875000e-01  1.771000e-01  7.083000e-01  8.940000e-02  4.235000e-01 
 2.951000e-01  7.971000e-01  2.091000e-01  7.775000e-01  8.550000e-02  6.993000e-01  1.987000e-01  7.923000e-01  5.940000e-02  7.144000e-01  1.031000e-01  9.043000e-01  1.108000e-01  5.057000e-01 
 1.100700e+00  5.800000e-03  5.735000e-01  5.508000e-01  4.843000e-01  3.643000e-01  5.151000e-01  6.179000e-01  4.244000e-01  4.098000e-01  6.194000e-01  4.928000e-01  4.094000e-01  2.485000e-01 
 8.864000e-01  1.600000e-03  1.375200e+00  2.020000e-02  1.571500e+00  1.050000e-02  1.415500e+00 -3.190000e-02  1.655200e+00 -6.190000e-02  1.409500e+00 -2.720000e-02  7.862000e-01  1.790000e-02 
 1.152100e+00 -5.580000e-02  7.192000e-01  1.030300e+00  7.694000e-01  4.801000e-01  8.318000e-01  8.979000e-01  6.653000e-01  5.582000e-01  9.178000e-01  7.947000e-01  5.415000e-01  3.093000e-01 
 5.044000e-01  1.540000e-02  8.126000e-01 -2.700000e-03  8.906000e-01  4.030000e-02  7.963000e-01  1.780000e-02  9.854000e-01 -5.490000e-02  7.248000e-01  1.000000e-01  4.532000e-01  1.820000e-02 
-2.180000e-02  8.299000e-01  1.599000e-01  9.649000e-01  3.780000e-01  8.483000e-01  2.180000e-02  1.707200e+00 -4.570000e-02  2.054800e+00 -1.020000e-02  1.240000e-02  1.121000e-01  5.458000e-01 
 9.160000e-02  1.036900e+00  1.755000e-01  6.179000e-01  8.330000e-02  5.723000e-01  1.340000e-01  6.709000e-01  5.480000e-02  5.914000e-01  6.290000e-02  7.533000e-01  1.001000e-01  4.355000e-01 
 3.507000e-01  4.682000e-01  6.535000e-01  4.860000e-01  7.487000e-01  5.119000e-01  1.678900e+00  5.970000e-02 -5.820000e-02  2.068200e+00 -2.410000e-02  2.870000e-02  3.420000e-01  3.332000e-01 
 1.034700e+00  8.190000e-02  5.016000e-01  1.232800e+00  4.562000e-01  1.218400e+00  4.686000e-01  1.269500e+00  4.205000e-01  1.132200e+00  5.104000e-01  1.223000e+00  3.742000e-01  5.762000e-01 
 6.282000e-01  1.157000e-01  8.571000e-01  3.314000e-01  1.049100e+00  2.918000e-01  8.451000e-01  3.437000e-01  1.130400e+00  2.179000e-01  9.457000e-01  2.238000e-01  5.257000e-01  1.544000e-01 
 1.087900e+00  1.780000e-02  5.849000e-01  9.080000e-02  4.400000e-01  1.295000e-01  5.795000e-01  1.014000e-01  4.978000e-01  4.730000e-02  6.493000e-01  2.220000e-02  4.243000e-01  4.870000e-02 
 1.043200e+00  7.570000e-02  3.362000e-01  8.387000e-01  3.922000e-01  4.720000e-01  4.663000e-01  6.843000e-01  3.137000e-01  5.435000e-01  4.333000e-01  7.240000e-01  3.211000e-01  3.463000e-01 
 1.763000e-01  5.283000e-01  4.547000e-01  5.701000e-01  6.420000e-01  4.928000e-01  1.767600e+00 -4.320000e-02  3.570000e-02  1.956900e+00 -3.270000e-02  3.990000e-02  2.514000e-01  3.485000e-01 
 4.510000e-01  6.430000e-02  6.271000e-01  2.025000e-01  7.699000e-01  1.555000e-01  7.216000e-01  8.540000e-02  8.444000e-01  8.560000e-02  8.332000e-01 -4.750000e-02  4.062000e-01  6.300000e-02 
 7.900000e-02  5.267000e-01  8.690000e-02  8.697000e-01  1.671000e-01  9.115000e-01  5.880000e-02  9.035000e-01  6.870000e-02  1.042700e+00  8.080000e-02  8.789000e-01  6.730000e-02  4.822000e-01 
 2.188000e-01  3.369000e-01  3.669000e-01  5.010000e-01  3.112000e-01  6.960000e-01  2.375000e-01  6.537000e-01  3.345000e-01  6.777000e-01  2.797000e-01  6.031000e-01  1.660000e-01  3.429000e-01 
-9.450000e-02  1.214000e+00 -7.660000e-02  1.790700e+00  1.769000e-01  1.628300e+00 -1.730000e-02  1.752100e+00  2.320000e-02  1.976100e+00 -8.350000e-02  1.829900e+00  2.030000e-02  9.413000e-01 
 1.486000e-01  6.692000e-01  1.849000e-01  1.112100e+00  2.417000e-01  1.229800e+00  3.131000e-01  9.606000e-01  3.608000e-01  1.105200e+00  1.707000e-01  1.123700e+00  1.341000e-01  6.086000e-01 
 1.151900e+00 -5.420000e-02  6.338000e-01  3.940000e-01  4.542000e-01  3.527000e-01  5.905000e-01  4.522000e-01  5.814000e-01  1.835000e-01  6.035000e-01  4.320000e-01  4.249000e-01  2.042000e-01 
 1.479000e-01  2.251000e-01  1.986000e-01  3.961000e-01  2.674000e-01  3.986000e-01  1.340000e-01  4.690000e-01  2.304000e-01  4.534000e-01  1.999000e-01  3.911000e-01  1.029000e-01  2.407000e-01 
 5.890000e-02  1.864000e-01  3.178000e-01  2.535000e-01  4.522000e-01  2.345000e-01  9.190000e-02  1.622500e+00 -7.700000e-03  9.000000e-03 -7.670000e-02  9.070000e-02  1.755000e-01  1.388000e-01 
 9.400000e-02  6.238000e-01  3.969000e-01  6.334000e-01  4.998000e-01  6.599000e-01  1.790100e+00 -6.620000e-02 -7.930000e-02  2.093800e+00  2.700000e-03 -4.400000e-03  2.079000e-01  3.997000e-01 
 2.319000e-01  5.927000e-01  3.022000e-01  1.001700e+00  3.991000e-01  1.072700e+00  4.055000e-01  8.795000e-01  4.504000e-01  1.036000e+00  3.112000e-01  9.839000e-01  1.925000e-01  5.553000e-01 
 3.815000e-01  3.332000e-01  6.462000e-01  3.913000e-01  7.058000e-01  4.557000e-01  1.709500e+00  2.520000e-02 -6.140000e-02  2.076500e+00  2.690000e-02 -3.110000e-02  3.664000e-01  2.403000e-01 
 1.078300e+00  3.410000e-02  8.201000e-01  9.103000e-01  6.938000e-01  1.278200e+00  7.104000e-01  1.039200e+00  5.932000e-01  1.278000e+00  7.361000e-01  1.003500e+00  5.368000e-01  4.586000e-01 
 9.140000e-02  5.724000e-01  3.504000e-01  6.380000e-01  4.148000e-01  7.028000e-01  1.752300e+00 -2.260000e-02 -2.290000e-02  2.024300e+00 -1.770000e-02  1.910000e-02  2.003000e-01  3.734000e-01 
 4.475000e-01  6.681000e-01  3.219000e-01  5.937000e-01  2.144000e-01  5.219000e-01  2.775000e-01  6.470000e-01  1.795000e-01  5.440000e-01  2.650000e-01  6.645000e-01  2.055000e-01  3.837000e-01 
 1.052400e+00  6.480000e-02  5.225000e-01  8.387000e-01  4.788000e-01  4.712000e-01  5.038000e-01  8.560000e-01  3.832000e-01  5.550000e-01  5.543000e-01  7.987000e-01  3.811000e-01  3.338000e-01 
 9.849000e-01  1.433000e-01  5.062000e-01  2.203000e-01  5.441000e-01  2.260000e-02  5.696000e-01  1.404000e-01  4.719000e-01  9.920000e-02  4.997000e-01  2.260000e-01  3.843000e-01  1.097000e-01 
 5.748000e-01  1.579000e-01  9.100000e-01  2.326000e-01  9.980000e-01  3.141000e-01  9.007000e-01  2.419000e-01  9.729000e-01  3.628000e-01  8.942000e-01  2.515000e-01  5.003000e-01  1.643000e-01 
 4.395000e-01  4.679000e-01  8.962000e-01  2.943000e-01  9.701000e-01  3.516000e-01  1.817900e+00 -9.650000e-02  2.730000e-02  1.960900e+00  2.100000e-03 -1.700000e-03  4.865000e-01  2.228000e-01 
 4.840000e-01  2.094000e-01  7.491000e-01  3.479000e-01  9.198000e-01  3.134000e-01  7.565000e-01  3.362000e-01  7.934000e-01  4.768000e-01  6.991000e-01  4.020000e-01  4.212000e-01  2.110000e-01 
 4.958000e-01  1.443000e-01  8.970000e-01  8.420000e-02  8.679000e-01  2.843000e-01  7.258000e-01  2.898000e-01  8.606000e-01  3.076000e-01  7.934000e-01  2.101000e-01  4.459000e-01  1.359000e-01 
 1.079100e+00  3.290000e-02  5.166000e-01  7.448000e-01  4.626000e-01  4.487000e-01  5.806000e-01  6.720000e-01  4.977000e-01  3.901000e-01  5.378000e-01  7.246000e-01  4.012000e-01  2.923000e-01 
 5.550000e-02  7.274000e-01  3.617000e-01  7.326000e-01  5.602000e-01  6.382000e-01  1.931200e+00 -2.333000e-01  7.000000e-03  1.992700e+00 -7.110000e-02  8.280000e-02  2.292000e-01  4.078000e-01 
 1.089100e+00  2.140000e-02  4.152000e-01  8.053000e-01  3.788000e-01  5.185000e-01  4.597000e-01  7.495000e-01  3.572000e-01  5.192000e-01  4.332000e-01  7.823000e-01  3.524000e-01  3.287000e-01 
 5.581000e-01  5.780000e-02  7.462000e-01  2.461000e-01  8.369000e-01  2.983000e-01  8.010000e-01  1.832000e-01  9.550000e-01  1.747000e-01  8.798000e-01  8.960000e-02  4.791000e-01  8.590000e-02 
 1.096500e+00  3.900000e-03  4.117000e-01  4.921000e-01  3.664000e-01  3.479000e-01  4.433000e-01  4.572000e-01  3.868000e-01  3.088000e-01  4.363000e-01  4.653000e-01  3.154000e-01  2.638000e-01 
 1.103600e+00 -9.000000e-04  5.596000e-01  1.163800e+00  4.281000e-01  9.927000e-01  5.554000e-01  1.170500e+00  4.449000e-01  9.107000e-01  5.766000e-01  1.139700e+00  3.750000e-01  5.223000e-01 
 4.741000e-01  2.965000e-01  7.502000e-01  4.499000e-01  7.687000e-01  6.150000e-01  6.862000e-01  5.282000e-01  8.357000e-01  5.573000e-01  6.292000e-01  5.912000e-01  4.165000e-01  2.794000e-01 
 3.807000e-01  4.936000e-01  5.540000e-01  8.272000e-01  8.500000e-01  6.754000e-01  6.042000e-01  7.640000e-01  7.195000e-01  8.542000e-01  6.354000e-01  7.275000e-01  3.726000e-01  4.133000e-01 
 8.364000e-01  3.270000e-02  1.186400e+00  1.968000e-01  1.436000e+00  1.226000e-01  1.236400e+00  1.442000e-01  1.383800e+00  2.110000e-01  1.171300e+00  2.177000e-01  7.280000e-01  6.490000e-02 
-1.560000e-02  4.196000e-01  4.650000e-02  5.764000e-01  6.000000e-02  6.460000e-01  3.050000e-02  5.935000e-01  4.570000e-02  6.741000e-01 -3.280000e-02  6.699000e-01  1.860000e-02  3.420000e-01 
 5.736000e-01  5.383000e-01  2.750000e-01  1.314900e+00  2.674000e-01  7.521000e-01  3.316000e-01  1.253500e+00  2.474000e-01  7.465000e-01  2.832000e-01  1.306000e+00  2.464000e-01  4.982000e-01 
 7.007000e-01  3.733000e-01  9.031000e-01  7.899000e-01  1.038900e+00  7.671000e-01  1.784000e+00 -5.930000e-02  2.500000e-02  1.970800e+00  2.790000e-02  1.699700e+00  4.946000e-01  4.653000e-01 
 1.101300e+00  3.700000e-03  4.778000e-01  5.740000e-02  3.817000e-01  6.810000e-02  3.378000e-01  2.228000e-01  3.602000e-01  8.800000e-02  3.097000e-01  2.582000e-01  3.379000e-01  5.670000e-02 
-5.860000e-02  7.000000e-02  2.469000e-01  5.640000e-02  2.655000e-01  1.748000e-01 -4.000000e-03  5.900000e-03  2.730000e-02 -3.150000e-02  5.900000e-03 -7.100000e-03  1.159000e-01  4.810000e-02 
 1.120600e+00 -1.640000e-02  5.178000e-01  1.212100e+00  3.926000e-01  1.017600e+00  5.052000e-01  1.224700e+00  3.007000e-01  1.063800e+00  4.734000e-01  1.256600e+00  3.547000e-01  5.385000e-01 
 2.983000e-01  8.036000e-01  2.176000e-01  9.156000e-01  1.722000e-01  6.839000e-01  1.845000e-01  9.522000e-01  1.204000e-01  7.224000e-01  2.503000e-01  8.755000e-01  1.339000e-01  5.293000e-01 
 1.063100e+00  5.430000e-02  8.058000e-01  9.270000e-01  5.826000e-01  9.213000e-01  7.334000e-01  1.003300e+00  6.819000e-01  7.321000e-01  7.287000e-01  1.006000e+00  5.168000e-01  4.008000e-01 
 4.254000e-01  3.643000e-01  7.034000e-01  5.253000e-01  6.943000e-01  7.253000e-01  8.134000e-01  4.001000e-01  7.932000e-01  6.344000e-01  7.578000e-01  4.625000e-01  4.057000e-01  3.053000e-01 
 4.290000e-02  7.170000e-01  2.490000e-01  8.308000e-01  4.208000e-01  7.661000e-01 -2.320000e-02  1.762900e+00  1.860000e-02  1.978800e+00 -6.870000e-02  8.130000e-02  1.143000e-01  5.234000e-01 
-3.980000e-02  6.514000e-01  1.588000e-01  7.603000e-01  2.672000e-01  7.724000e-01 -1.780000e-02  1.750400e+00  1.890000e-02  1.978200e+00 -5.620000e-02  6.840000e-02  9.140000e-02  4.407000e-01 
 2.062000e-01  4.098000e-01  2.551000e-01  7.148000e-01  4.466000e-01  6.359000e-01  2.715000e-01  6.969000e-01  2.490000e-01  8.829000e-01  2.201000e-01  7.591000e-01  1.590000e-01  4.010000e-01 
 3.410000e-01  4.307000e-01  7.206000e-01  3.524000e-01  7.949000e-01  4.069000e-01  1.602900e+00  1.539000e-01 -1.459000e-01  2.171600e+00  1.000000e-02 -1.250000e-02  3.856000e-01  2.496000e-01 
-2.410000e-02  6.119000e-01  2.913000e-01  5.930000e-01  2.959000e-01  7.341000e-01  6.990000e-02  1.644200e+00 -4.070000e-02  2.050400e+00  9.500000e-02 -1.145000e-01  1.324000e-01  3.856000e-01 
 8.864000e-01  1.457000e-01  1.449500e+00  1.612000e-01  1.558100e+00  2.872000e-01  1.467800e+00  1.383000e-01  1.645400e+00  2.126000e-01  1.511700e+00  8.060000e-02  8.334000e-01  9.520000e-02 
 4.516000e-01  3.031000e-01  6.539000e-01  4.383000e-01  8.696000e-01  3.244000e-01  1.766400e+00 -3.990000e-02 -4.020000e-02  2.044000e+00  5.800000e-02 -6.990000e-02  3.998000e-01  2.355000e-01 
 1.500000e-03  1.039600e+00 -6.270000e-02  1.707800e+00 -1.400000e-02  1.880800e+00  6.470000e-02  1.564000e+00  1.572000e-01  1.698000e+00  1.540000e-02  1.620800e+00  1.990000e-02  9.212000e-01 
 4.896000e-01  2.424000e-01  8.585000e-01  1.687000e-01  1.021900e+00  1.227000e-01  1.728400e+00 -1.600000e-03  3.230000e-02  1.961700e+00 -3.790000e-02  4.570000e-02  4.665000e-01  1.439000e-01 
 1.028500e+00  2.200000e-03  1.519100e+00  1.153000e-01  1.891400e+00 -6.680000e-02  1.574600e+00  4.710000e-02  1.882900e+00 -2.460000e-02  1.660200e+00 -5.800000e-02  9.215000e-01  1.180000e-02 
 5.700000e-01  1.949000e-01  6.662000e-01  5.775000e-01  7.901000e-01  6.218000e-01  7.056000e-01  5.306000e-01  7.961000e-01  6.351000e-01  7.592000e-01  4.700000e-01  4.177000e-01  2.949000e-01 
 2.964000e-01  2.839000e-01  3.532000e-01  5.773000e-01  4.329000e-01  6.187000e-01  3.322000e-01  6.025000e-01  4.204000e-01  6.566000e-01  3.175000e-01  6.181000e-01  2.053000e-01  3.326000e-01 
 1.110100e+00 -6.900000e-03  5.430000e-01  7.135000e-01  3.813000e-01  5.501000e-01  4.775000e-01  7.901000e-01  4.455000e-01  4.477000e-01  5.519000e-01  7.022000e-01  3.929000e-01  3.006000e-01 
 4.494000e-01  3.016000e-01  6.661000e-01  5.118000e-01  8.272000e-01  5.039000e-01  7.380000e-01  4.324000e-01  8.066000e-01  5.531000e-01  7.674000e-01  3.959000e-01  4.210000e-01  2.538000e-01 
 1.201700e+00 -1.156000e-01  3.379000e-01  6.891000e-01  3.519000e-01  4.317000e-01  4.171000e-01  5.947000e-01  2.714000e-01  5.115000e-01  3.865000e-01  6.303000e-01  3.125000e-01  3.083000e-01 
 4.175000e-01  6.920000e-01  7.238000e-01  8.324000e-01  8.213000e-01  8.528000e-01  1.684100e+00  5.680000e-02  9.100000e-03  1.987300e+00 -1.150000e-02  1.749900e+00  4.226000e-01  4.766000e-01 
 4.360000e-01  3.713000e-01  6.214000e-01  6.574000e-01  7.203000e-01  7.235000e-01  5.825000e-01  6.956000e-01  7.206000e-01  7.458000e-01  6.731000e-01  5.917000e-01  3.731000e-01  3.595000e-01 
 3.848000e-01  2.801000e-01  5.886000e-01  4.593000e-01  7.417000e-01  4.387000e-01  5.876000e-01  4.592000e-01  7.156000e-01  4.903000e-01  6.483000e-01  3.882000e-01  3.588000e-01  2.423000e-01 
 1.096400e+00  1.260000e-02  8.966000e-01  3.421000e-01  6.822000e-01  2.301000e-01  8.664000e-01  3.788000e-01  6.956000e-01  1.860000e-01  8.982000e-01  3.447000e-01  5.707000e-01  1.193000e-01 
 4.805000e-01  5.688000e-01  5.959000e-01  1.079200e+00  6.938000e-01  1.213100e+00  6.770000e-01  9.835000e-01  7.859000e-01  1.129700e+00  7.537000e-01  8.900000e-01  3.702000e-01  5.925000e-01 
 1.090700e+00  1.510000e-02  4.532000e-01  8.947000e-01  3.829000e-01  5.780000e-01  4.569000e-01  8.886000e-01  3.970000e-01  5.348000e-01  5.703000e-01  7.581000e-01  3.893000e-01  3.213000e-01 
 4.580000e-02  5.139000e-01 -1.840000e-02  3.196000e-01 -3.710000e-02  3.004000e-01  9.080000e-02  1.905000e-01 -1.390000e-02  2.675000e-01  1.530000e-02  2.785000e-01  9.600000e-03  2.236000e-01 
 1.131200e+00 -3.020000e-02  8.929000e-01  7.040000e-02  7.703000e-01 -2.560000e-02  8.951000e-01  6.580000e-02  6.570000e-01  8.810000e-02  8.834000e-01  8.170000e-02  5.877000e-01  1.170000e-02 
-5.820000e-02  8.150000e-01  3.495000e-01  7.002000e-01  4.372000e-01  7.411000e-01 -8.800000e-02  1.829700e+00  6.840000e-02  1.920900e+00 -3.980000e-02  4.890000e-02  1.860000e-01  4.308000e-01 
 3.479000e-01  6.417000e-01  6.093000e-01  7.009000e-01  7.565000e-01  6.621000e-01  1.628200e+00  1.224000e-01  1.492000e-01  1.828500e+00 -1.960000e-02  2.300000e-02  3.743000e-01  3.924000e-01 
 4.160000e-01  1.654000e-01  6.349000e-01  2.783000e-01  6.370000e-01  4.172000e-01  6.487000e-01  2.577000e-01  6.379000e-01  4.257000e-01  6.367000e-01  2.739000e-01  3.315000e-01  2.005000e-01 
 7.600000e-02  1.032000e+00  3.440000e-02  1.042800e+00 -1.570000e-02  8.486000e-01  4.830000e-02  1.026200e+00  9.170000e-02  7.007000e-01 -1.420000e-02  1.099300e+00  4.420000e-02  5.973000e-01 
 6.870000e-02  6.446000e-01  4.410000e-01  5.699000e-01  4.881000e-01  6.571000e-01  1.674200e+00  6.730000e-02  1.860000e-02  1.976100e+00  2.750000e-02 -3.180000e-02  2.199000e-01  3.772000e-01 
 1.838000e-01  9.222000e-01  1.668000e-01  8.231000e-01  1.093000e-01  6.645000e-01  1.597000e-01  8.303000e-01  1.604000e-01  5.899000e-01  1.905000e-01  7.935000e-01  9.970000e-02  5.155000e-01 
 5.985000e-01  2.114000e-01  8.599000e-01  2.747000e-01  8.155000e-01  4.715000e-01  1.754300e+00 -2.590000e-02 -1.890000e-02  2.017000e+00 -6.550000e-02  7.960000e-02  4.398000e-01  2.384000e-01 
 9.812000e-01  1.464000e-01  9.873000e-01  7.388000e-01  7.230000e-01  1.253800e+00  9.414000e-01  7.927000e-01  7.645000e-01  1.026800e+00  9.855000e-01  7.375000e-01  6.030000e-01  3.864000e-01 
 2.771000e-01  4.934000e-01  4.557000e-01  7.448000e-01  4.533000e-01  9.261000e-01  3.633000e-01  8.519000e-01  3.589000e-01  1.055700e+00  4.432000e-01  7.585000e-01  2.485000e-01  4.471000e-01 
 2.765000e-01  5.446000e-01  4.058000e-01  8.792000e-01  5.765000e-01  8.749000e-01  4.498000e-01  8.381000e-01  6.530000e-01  8.068000e-01  4.016000e-01  8.954000e-01  2.742000e-01  4.652000e-01 
 8.580000e-01  2.206000e-01  3.943000e-01  1.329800e+00  3.000000e-01  7.321000e-01  4.228000e-01  1.296500e+00  3.049000e-01  6.911000e-01  3.720000e-01  1.352200e+00  2.668000e-01  4.835000e-01 
 4.178000e-01  5.168000e-01  5.407000e-01  9.438000e-01  6.523000e-01  1.029500e+00  6.214000e-01  8.466000e-01  7.659000e-01  9.212000e-01  5.444000e-01  9.391000e-01  3.318000e-01  5.214000e-01 
 5.398000e-01  3.048000e-01  8.779000e-01  4.404000e-01  1.011700e+00  4.854000e-01  8.146000e-01  5.131000e-01  9.718000e-01  5.539000e-01  8.771000e-01  4.340000e-01  4.961000e-01  2.664000e-01 
 1.737000e-01  1.020000e-01  2.218000e-01  2.243000e-01  3.025000e-01  1.940000e-01  2.421000e-01  1.973000e-01  2.738000e-01  2.345000e-01  1.940000e-01  2.585000e-01  1.483000e-01  1.043000e-01 
 2.552000e-01  6.242000e-01  5.095000e-01  6.932000e-01  7.394000e-01  5.597000e-01  1.650500e+00  1.011000e-01 -2.090000e-02  2.025200e+00  4.510000e-02 -5.310000e-02  3.175000e-01  3.858000e-01 
 6.043000e-01  4.847000e-01  2.698000e-01  7.133000e-01  1.207000e-01  6.650000e-01  1.966000e-01  7.995000e-01  3.183000e-01  4.146000e-01  3.367000e-01  6.292000e-01  2.181000e-01  3.906000e-01 
 7.783000e-01  4.700000e-03  1.048700e+00  2.047000e-01  1.169700e+00  2.627000e-01  1.024000e+00  2.338000e-01  1.229200e+00  2.135000e-01  1.067300e+00  1.827000e-01  5.997000e-01  1.258000e-01 
 1.056900e+00  5.520000e-02  7.505000e-01  1.643000e-01  5.627000e-01  1.735000e-01  7.464000e-01  1.701000e-01  5.599000e-01  1.603000e-01  7.443000e-01  1.746000e-01  4.886000e-01  9.790000e-02 
 1.082000e+00  2.940000e-02  6.796000e-01  1.778000e-01  5.755000e-01  1.053000e-01  7.075000e-01  1.409000e-01  5.595000e-01  1.105000e-01  8.247000e-01 -2.300000e-03  5.124000e-01  3.890000e-02 
 5.710000e-02  1.050300e+00 -1.100000e-03  4.328000e-01  1.623000e-01  1.709000e-01 -3.400000e-02  4.719000e-01 -1.950000e-02  3.805000e-01 -9.330000e-02  5.434000e-01  3.350000e-02  2.892000e-01 
 1.309000e-01  3.577000e-01  1.534000e-01  6.240000e-01  1.369000e-01  7.509000e-01  2.430000e-01  5.122000e-01  2.289000e-01  6.538000e-01  2.045000e-01  5.573000e-01  1.022000e-01  3.412000e-01 
 3.363000e-01  4.877000e-01  6.284000e-01  5.175000e-01  6.639000e-01  6.105000e-01  1.634700e+00  1.160000e-01 -7.740000e-02  2.089800e+00  1.650000e-02 -2.060000e-02  3.415000e-01  3.319000e-01 
 8.430000e-02  3.520000e-01  5.280000e-02  6.516000e-01  6.420000e-02  7.334000e-01  5.900000e-02  6.430000e-01  6.910000e-02  7.387000e-01  1.051000e-01  5.891000e-01  3.390000e-02  3.710000e-01 
 2.419000e-01  2.554000e-01  3.898000e-01  3.872000e-01  4.288000e-01  4.575000e-01  3.504000e-01  4.362000e-01  4.903000e-01  3.988000e-01  3.969000e-01  3.784000e-01  2.171000e-01  2.331000e-01 
 6.307000e-01  4.740000e-01  9.798000e-01  5.770000e-01  9.152000e-01  7.924000e-01  1.912900e+00 -2.140000e-01  2.007500e+00 -1.050000e-02 -5.000000e-04  1.730100e+00  5.307000e-01  3.768000e-01 
 4.460000e-01 -1.960000e-02  7.009000e-01 -2.960000e-02  7.206000e-01  5.770000e-02  6.415000e-01  4.150000e-02  7.693000e-01  1.520000e-02  7.258000e-01 -5.950000e-02  3.754000e-01  1.790000e-02 
 1.226000e-01  8.072000e-01  5.387000e-01  6.823000e-01  6.626000e-01  6.829000e-01  1.689300e+00  4.540000e-02 -1.990000e-02  2.019300e+00 -3.810000e-02  4.740000e-02  2.932000e-01  4.304000e-01 
 7.825000e-01  9.250000e-02  1.127900e+00  2.562000e-01  1.325700e+00  2.437000e-01  1.183100e+00  1.954000e-01  1.290500e+00  3.130000e-01  1.240500e+00  1.253000e-01  6.916000e-01  1.009000e-01 
 4.689000e-01  1.481000e-01  7.357000e-01  2.329000e-01  7.442000e-01  3.792000e-01  6.927000e-01  2.833000e-01  8.208000e-01  3.054000e-01  7.793000e-01  1.818000e-01  4.031000e-01  1.613000e-01 
 6.073000e-01  1.505000e-01  8.918000e-01  3.078000e-01  1.123600e+00  2.238000e-01  8.878000e-01  3.141000e-01  1.023600e+00  3.635000e-01  8.919000e-01  3.122000e-01  4.959000e-01  2.008000e-01 
 1.084500e+00  2.560000e-02  1.255700e+00  4.653000e-01  9.001000e-01  1.065200e+00  1.240200e+00  4.783000e-01  9.773000e-01  7.541000e-01  1.280700e+00  4.358000e-01  6.714000e-01  3.143000e-01 
 1.122400e+00 -2.090000e-02  6.288000e-01  1.111500e+00  5.239000e-01  8.923000e-01  7.640000e-01  9.513000e-01  6.113000e-01  7.272000e-01  6.948000e-01  1.037500e+00  4.859000e-01  4.066000e-01 
 8.826000e-01  2.210000e-01  3.047000e-01  6.431000e-01  3.247000e-01  4.102000e-01  4.222000e-01  5.054000e-01  3.085000e-01  4.134000e-01  3.644000e-01  5.701000e-01  2.931000e-01  2.968000e-01 
-7.180000e-02  6.558000e-01  2.116000e-01  6.708000e-01  3.328000e-01  6.744000e-01  3.570000e-02  1.688300e+00  5.100000e-02  1.946700e+00 -7.030000e-02  8.540000e-02  1.075000e-01  4.049000e-01 
 3.613000e-01  7.365000e-01  2.189000e-01  5.576000e-01  1.782000e-01  4.514000e-01  2.020000e-01  5.775000e-01  1.855000e-01  4.275000e-01  2.536000e-01  5.144000e-01  1.511000e-01  3.725000e-01 
 1.074900e+00  4.140000e-02  9.121000e-01  1.876000e-01  7.667000e-01  5.760000e-02  9.258000e-01  1.722000e-01  7.291000e-01  8.450000e-02  8.942000e-01  2.083000e-01  5.681000e-01  8.440000e-02 
 2.760000e-02  1.086800e+00 -4.250000e-02  5.219000e-01  3.250000e-02  3.607000e-01  2.460000e-02  4.429000e-01  8.690000e-02  2.859000e-01 -1.100000e-03  4.726000e-01  3.560000e-02  3.120000e-01 
-4.950000e-02  5.970000e-02  5.990000e-02  1.809000e-01  1.120000e-02  3.660000e-01  1.340000e-02 -1.290000e-02  7.630000e-02 -9.200000e-02  5.320000e-02 -6.370000e-02  6.000000e-03  1.293000e-01 
-7.640000e-02  1.198800e+00  3.247000e-01  1.192000e+00  3.850000e-01  1.257300e+00 -8.280000e-02  1.832100e+00  4.500000e-03  1.991200e+00 -1.990000e-02  1.757700e+00  1.692000e-01  7.139000e-01 
 3.735000e-01  7.355000e-01  1.927000e-01  5.480000e-01  2.143000e-01  3.824000e-01  2.458000e-01  4.837000e-01  1.067000e-01  4.974000e-01  1.687000e-01  5.756000e-01  1.769000e-01  3.251000e-01 
 2.741000e-01  5.164000e-01  3.749000e-01  8.773000e-01  4.355000e-01  9.832000e-01  4.299000e-01  8.103000e-01  5.146000e-01  9.149000e-01  3.877000e-01  8.587000e-01  2.248000e-01  4.949000e-01 
-7.800000e-03  7.603000e-01 -4.110000e-02  1.110900e+00 -3.300000e-03  1.193900e+00 -7.110000e-02  1.819100e+00  6.250000e-02  1.926700e+00  4.510000e-02 -5.140000e-02  1.150000e-02  6.132000e-01 
 1.184000e+00 -9.540000e-02  4.044000e-01  6.970000e-01  2.919000e-01  5.550000e-01  5.266000e-01  5.560000e-01  3.209000e-01  5.018000e-01  3.657000e-01  7.450000e-01  3.112000e-01  3.396000e-01 
 4.732000e-01  3.046000e-01  6.683000e-01  4.455000e-01  8.095000e-01  4.224000e-01  1.736500e+00  1.300000e-03  3.190000e-02  1.964000e+00 -2.400000e-03  3.500000e-03  4.121000e-01  2.376000e-01 
 1.384000e-01  6.302000e-01  1.225000e-01  1.096600e+00  2.138000e-01  1.162500e+00  1.260000e-01  1.090700e+00  2.173000e-01  1.177400e+00  2.158000e-01  9.860000e-01  1.137000e-01  5.832000e-01 
 5.437000e-01  1.828000e-01  8.222000e-01  3.264000e-01  1.067400e+00  2.131000e-01  8.137000e-01  3.349000e-01  1.033500e+00  2.770000e-01  8.017000e-01  3.519000e-01  5.158000e-01  1.387000e-01 
 8.353000e-01  1.856000e-01  1.130800e+00  2.115000e-01  1.142400e+00  3.409000e-01  1.648800e+00  9.690000e-02  1.939400e+00  7.250000e-02 -3.960000e-02  4.650000e-02  6.589000e-01  1.338000e-01 
 5.665000e-01  4.000000e-01  8.040000e-01  4.914000e-01  9.725000e-01  4.351000e-01  1.770100e+00 -5.090000e-02 -6.530000e-02  2.077400e+00  8.140000e-02 -9.730000e-02  4.666000e-01  2.948000e-01 
 1.780000e-02  6.441000e-01  1.934000e-01  8.153000e-01  2.080000e-01  9.453000e-01  2.370000e-01  7.618000e-01  2.103000e-01  9.556000e-01  8.110000e-02  9.460000e-01  8.990000e-02  4.970000e-01 
 3.716000e-01  5.727000e-01  5.762000e-01  9.028000e-01  7.666000e-01  8.992000e-01  6.574000e-01  8.045000e-01  8.085000e-01  8.724000e-01  6.284000e-01  8.446000e-01  3.867000e-01  4.575000e-01 
 9.650000e-02  8.800000e-02  5.990000e-02  2.461000e-01  1.445000e-01  1.877000e-01  1.420000e-01  1.516000e-01  1.662000e-01  1.680000e-01  1.162000e-01  1.799000e-01  6.860000e-02  1.019000e-01 
 5.024000e-01  5.639000e-01  7.328000e-01  9.492000e-01  8.707000e-01  1.036400e+00  6.174000e-01  1.084500e+00  8.037000e-01  1.142800e+00  7.794000e-01  8.958000e-01  4.507000e-01  5.156000e-01 
 5.465000e-01  4.334000e-01  9.130000e-01  6.068000e-01  8.931000e-01  8.647000e-01  8.490000e-01  6.866000e-01  9.978000e-01  7.642000e-01  8.058000e-01  7.353000e-01  4.696000e-01  4.187000e-01 
 1.090000e-01  7.328000e-01  2.592000e-01  1.042400e+00  3.453000e-01  1.126100e+00  2.120000e-01  1.099000e+00  3.552000e-01  1.139400e+00  2.400000e-01  1.065500e+00  1.622000e-01  5.869000e-01 
 3.045000e-01  4.043000e-01  4.679000e-01  6.469000e-01  5.784000e-01  6.798000e-01  4.442000e-01  6.740000e-01  5.287000e-01  7.581000e-01  4.444000e-01  6.719000e-01  2.540000e-01  3.910000e-01 
 5.597000e-01  2.298000e-01  8.849000e-01  3.551000e-01  1.034300e+00  3.724000e-01  1.094000e+00  1.069000e-01  1.116900e+00  3.034000e-01  8.565000e-01  3.830000e-01  5.458000e-01  1.637000e-01 
 1.135400e+00 -3.660000e-02  9.930000e-01  7.328000e-01  7.396000e-01  4.829000e-01  1.096200e+00  6.153000e-01  7.750000e-01  4.016000e-01  1.057200e+00  6.568000e-01  6.032000e-01  2.289000e-01 
 2.453000e-01  4.808000e-01  4.855000e-01  6.343000e-01  6.267000e-01  6.316000e-01  5.035000e-01  6.100000e-01  6.372000e-01  6.430000e-01  4.382000e-01  6.838000e-01  2.897000e-01  3.544000e-01 
 1.590000e-01  9.624000e-01  5.616000e-01  1.167600e+00  7.067000e-01  1.198000e+00  1.750800e+00 -2.140000e-02  1.230000e-02  1.983100e+00  1.710000e-02  1.712500e+00  3.037000e-01  6.852000e-01 
 1.016200e+00  1.034000e-01  4.259000e-01  4.574000e-01  3.615000e-01  3.437000e-01  3.998000e-01  4.866000e-01  3.650000e-01  3.214000e-01  4.585000e-01  4.220000e-01  3.193000e-01  2.518000e-01 
-6.100000e-02  1.181100e+00  1.040000e-02  1.661100e+00  9.170000e-02  1.701800e+00  1.160000e-02  1.715900e+00 -5.730000e-02  2.068800e+00 -1.860000e-02  1.750300e+00  4.010000e-02  9.064000e-01 
 1.116900e+00 -1.100000e-02  1.668300e+00  7.910000e-02  1.079600e+00  2.620000e-02  1.753600e+00 -3.070000e-02  9.317000e-01  1.614000e-01  1.719400e+00  1.680000e-02  7.741000e-01  1.160000e-02 
 5.425000e-01  5.662000e-01  4.065000e-01  7.119000e-01  1.688000e-01  7.062000e-01  3.222000e-01  8.160000e-01  7.430000e-02  7.979000e-01  1.885000e-01  9.741000e-01  2.290000e-01  4.339000e-01 
 1.092100e+00  1.910000e-02  6.402000e-01  6.883000e-01  4.099000e-01  5.550000e-01  5.433000e-01  8.057000e-01  4.109000e-01  5.229000e-01  5.550000e-01  7.881000e-01  4.032000e-01  3.093000e-01 
 4.276000e-01  5.982000e-01  8.580000e-01  4.580000e-01  9.666000e-01  4.712000e-01  1.702400e+00  3.460000e-02  9.500000e-03  1.983900e+00  3.450000e-02 -4.050000e-02  4.654000e-01  3.163000e-01 
 1.115200e+00 -1.240000e-02  8.336000e-01  9.390000e-02  7.419000e-01 -2.350000e-02  7.926000e-01  1.436000e-01  6.870000e-01  2.140000e-02  8.857000e-01  3.260000e-02  5.579000e-01  2.920000e-02 
 6.695000e-01  2.592000e-01  1.030400e+00  1.922000e-01  1.123800e+00  2.317000e-01  1.701900e+00  3.900000e-02  1.941600e+00  6.780000e-02 -6.900000e-03  9.600000e-03  5.872000e-01  1.409000e-01 
 1.106000e+00  1.000000e-04  5.493000e-01  1.184000e+00  5.373000e-01  6.650000e-01  4.143000e-01  1.344100e+00  4.731000e-01  6.990000e-01  5.029000e-01  1.236600e+00  4.045000e-01  4.258000e-01 
 2.478000e-01  6.458000e-01  4.043000e-01  8.337000e-01  7.193000e-01  6.084000e-01  1.761800e+00 -2.940000e-02  3.350000e-02  1.959700e+00 -3.270000e-02  4.190000e-02  2.817000e-01  4.376000e-01 
 7.105000e-01  3.832000e-01  9.548000e-01  4.648000e-01  1.065400e+00  4.734000e-01  1.780600e+00 -5.460000e-02  1.931100e+00  7.980000e-02 -8.090000e-02  1.827600e+00  5.788000e-01  2.513000e-01 
 9.968000e-01  1.254000e-01  3.771000e-01  8.535000e-01  3.739000e-01  5.202000e-01  4.012000e-01  8.273000e-01  3.794000e-01  4.933000e-01  3.189000e-01  9.200000e-01  3.228000e-01  3.621000e-01 
 8.350000e-02  5.562000e-01 -2.360000e-02  9.990000e-01  1.625000e-01  8.986000e-01 -2.440000e-02  1.758700e+00  9.700000e-02  1.884700e+00 -6.000000e-03  8.400000e-03  4.000000e-03  5.609000e-01 
 7.489000e-01  2.026000e-01  1.055900e+00  4.588000e-01  1.076900e+00  6.637000e-01  9.010000e-01  6.377000e-01  1.106200e+00  6.628000e-01  9.712000e-01  5.537000e-01  5.625000e-01  3.189000e-01 
 6.852000e-01  4.216000e-01  2.922000e-01  1.446000e+00  2.703000e-01  1.491500e+00  3.944000e-01  1.328700e+00  2.530000e-01  1.362000e+00  3.464000e-01  1.382300e+00  2.611000e-01  7.005000e-01 
 1.096600e+00  1.160000e-02  5.389000e-01  6.236000e-01  4.291000e-01  4.441000e-01  4.939000e-01  6.776000e-01  5.015000e-01  3.356000e-01  5.481000e-01  6.099000e-01  3.832000e-01  2.869000e-01 
 4.674000e-01  3.366000e-01  6.300000e-01  6.509000e-01  8.707000e-01  5.648000e-01  8.028000e-01  4.547000e-01  7.896000e-01  6.800000e-01  6.882000e-01  5.842000e-01  3.931000e-01  3.419000e-01 
 3.740000e-02  3.977000e-01  1.968000e-01  5.588000e-01  3.630000e-01  5.027000e-01  5.700000e-03  1.723800e+00  5.880000e-02 -6.790000e-02  4.370000e-02 -5.240000e-02  9.980000e-02  3.309000e-01 
-8.640000e-02  7.606000e-01  1.386000e-01  8.285000e-01  1.761000e-01  9.310000e-01  1.890000e-02  1.707500e+00  8.900000e-02  1.899300e+00 -2.260000e-02  2.660000e-02  7.470000e-02  4.927000e-01 
 9.280000e-02  4.511000e-01  2.259000e-01  6.111000e-01  2.024000e-01  7.561000e-01  2.166000e-01  6.206000e-01  2.474000e-01  7.191000e-01  3.004000e-01  5.213000e-01  1.155000e-01  3.700000e-01 
 1.129200e+00 -2.850000e-02  1.839300e+00 -1.256000e-01  1.044800e+00  3.002000e-01  1.690200e+00  4.770000e-02  1.060200e+00  2.250000e-01  1.756400e+00 -2.550000e-02  7.967000e-01  7.160000e-02 
 4.576000e-01  6.481000e-01  8.842000e-01  6.654000e-01  8.400000e-01  8.585000e-01  1.776800e+00 -5.000000e-02 -2.600000e-02  2.027400e+00 -3.770000e-02  1.776600e+00  4.504000e-01  4.539000e-01 
 9.950000e-01  1.179000e-01  4.039000e-01  5.380000e-02  3.093000e-01  8.520000e-02  3.899000e-01  6.880000e-02  3.294000e-01  5.420000e-02  3.797000e-01  8.240000e-02  3.046000e-01  4.090000e-02 
 3.339000e-01  6.875000e-01  4.558000e-01  1.153400e+00  6.172000e-01  1.192000e+00  5.502000e-01  1.038800e+00  6.202000e-01  1.225200e+00  5.811000e-01  1.007600e+00  3.185000e-01  6.004000e-01 
-4.820000e-02  6.359000e-01  1.800000e-02  8.810000e-01  2.713000e-01  7.287000e-01 -7.900000e-03  1.742900e+00 -7.300000e-02  2.082400e+00  1.420000e-02 -1.830000e-02  5.610000e-02  4.595000e-01 
 2.457000e-01  8.729000e-01  5.142000e-01  1.241100e+00  6.712000e-01  1.218500e+00  1.593200e+00  1.650000e-01 -7.070000e-02  2.076500e+00 -4.660000e-02  1.782600e+00  3.449000e-01  6.335000e-01 
 1.229000e-01  4.821000e-01  1.893000e-01  7.599000e-01  1.586000e-01  9.281000e-01  1.126000e-01  8.487000e-01  1.617000e-01  9.455000e-01  1.438000e-01  8.120000e-01  8.710000e-02  4.641000e-01 
 1.070200e+00  4.060000e-02  9.576000e-01  7.759000e-01  7.389000e-01  6.740000e-01  9.694000e-01  7.624000e-01  6.454000e-01  7.210000e-01  8.924000e-01  8.504000e-01  5.947000e-01  3.001000e-01 
 1.169300e+00 -7.410000e-02  4.090000e-01  1.405000e-01  3.912000e-01  5.770000e-02  3.398000e-01  2.218000e-01  3.632000e-01  8.360000e-02  3.703000e-01  1.829000e-01  3.115000e-01  8.760000e-02 
 1.105400e+00 -1.500000e-03  8.807000e-01  8.586000e-01  7.397000e-01  7.915000e-01  8.299000e-01  9.165000e-01  6.437000e-01  8.200000e-01  8.560000e-01  8.872000e-01  5.826000e-01  3.420000e-01 
 7.364000e-01  3.606000e-01  3.379000e-01  1.395600e+00  3.809000e-01  6.602000e-01  3.742000e-01  1.349900e+00  2.766000e-01  7.495000e-01  3.453000e-01  1.385800e+00  2.625000e-01  5.014000e-01 
 2.111000e-01  4.445000e-01  3.171000e-01  7.100000e-01  2.735000e-01  9.087000e-01  2.507000e-01  7.881000e-01  3.714000e-01  8.123000e-01  3.026000e-01  7.286000e-01  1.915000e-01  3.995000e-01 
 1.103900e+00  1.500000e-03  1.563900e+00  1.408000e-01  1.042800e+00  2.625000e-01  1.342200e+00  4.042000e-01  9.119000e-01  3.649000e-01  1.385600e+00  3.508000e-01  7.253000e-01  1.404000e-01 
 4.195000e-01  8.830000e-02  7.209000e-01  9.850000e-02  9.006000e-01  3.060000e-02  1.774500e+00 -4.860000e-02  4.910000e-02 -5.700000e-02 -4.180000e-02  4.740000e-02  4.286000e-01  3.880000e-02 
 5.653000e-01  2.091000e-01  8.336000e-01  2.673000e-01  9.022000e-01  3.250000e-01  1.754900e+00 -2.750000e-02 -4.610000e-02  2.045700e+00  9.900000e-03 -1.070000e-02  4.766000e-01  1.708000e-01 
 1.073400e+00  3.650000e-02  1.302600e+00  4.334000e-01  9.583000e-01  1.296000e-01  1.387600e+00  3.254000e-01  9.933000e-01  4.790000e-02  1.318700e+00  4.104000e-01  7.018000e-01  7.740000e-02 
 1.012300e+00  9.170000e-02  1.274500e+00  4.656000e-01  1.394300e+00  5.197000e-01  1.596500e+00  1.580000e-01  1.963400e+00  4.470000e-02 -3.710000e-02  1.775800e+00  7.757000e-01  2.109000e-01 
 3.312000e-01  4.549000e-01  4.088000e-01  8.564000e-01  4.991000e-01  9.237000e-01  3.774000e-01  8.868000e-01  4.258000e-01  1.034300e+00  4.400000e-01  8.127000e-01  2.453000e-01  4.791000e-01 
 2.755000e-01  5.100000e-02  5.709000e-01  7.640000e-02  6.809000e-01  8.630000e-02  1.552000e+00  2.105000e-01  1.029000e-01 -1.244000e-01  4.730000e-02 -5.740000e-02  3.188000e-01  4.080000e-02 
 1.982000e-01  4.741000e-01  5.539000e-01  4.219000e-01  5.941000e-01  5.179000e-01  1.645400e+00  9.840000e-02 -2.010000e-02  2.023500e+00  2.800000e-03 -4.000000e-03  2.789000e-01  2.966000e-01 
 5.457000e-01  5.523000e-01  2.855000e-01  1.444900e+00  2.507000e-01  9.536000e-01  2.293000e-01  1.511200e+00  1.937000e-01  9.833000e-01  2.684000e-01  1.465500e+00  2.168000e-01  6.102000e-01 
-1.760000e-02  7.540000e-01  2.606000e-01  7.783000e-01  3.203000e-01  8.502000e-01  3.800000e-02  1.688500e+00 -8.700000e-03  2.010800e+00  1.600000e-03 -5.200000e-03  1.225000e-01  4.917000e-01 
 4.159000e-01  3.145000e-01  5.517000e-01  6.108000e-01  6.129000e-01  7.097000e-01  5.831000e-01  5.751000e-01  5.852000e-01  7.686000e-01  6.010000e-01  5.550000e-01  3.130000e-01  3.593000e-01 
 9.423000e-01  8.490000e-02  1.512500e+00  9.520000e-02  1.424700e+00  4.486000e-01  1.395900e+00  2.259000e-01  1.504800e+00  3.934000e-01  1.365400e+00  2.641000e-01  7.831000e-01  1.587000e-01 
 4.414000e-01  3.166000e-01  7.875000e-01  2.755000e-01  8.969000e-01  2.846000e-01  1.744600e+00 -1.050000e-02  2.500000e-02  1.969800e+00  6.880000e-02 -8.310000e-02  4.572000e-01  1.650000e-01 
 4.897000e-01  6.166000e-01  7.778000e-01  7.313000e-01  9.998000e-01  6.125000e-01  1.702800e+00  3.800000e-02  1.101000e-01  1.871500e+00  6.670000e-02  1.654300e+00  4.621000e-01  4.153000e-01 
 3.592000e-01  1.203000e-01  5.896000e-01  1.628000e-01  7.070000e-01  1.390000e-01  6.235000e-01  1.224000e-01  6.721000e-01  1.972000e-01  6.086000e-01  1.439000e-01  3.612000e-01  6.870000e-02 
 1.177800e+00 -8.270000e-02  1.425000e+00  2.890000e-02  1.075300e+00 -1.025000e-01  1.426900e+00  3.190000e-02  9.603000e-01  8.000000e-04  1.419000e+00  4.170000e-02  7.187000e-01  1.360000e-02 
 2.602000e-01  7.164000e-01  7.322000e-01  5.280000e-01  7.810000e-01  6.129000e-01  1.754400e+00 -2.570000e-02 -4.170000e-02  2.048600e+00 -7.420000e-02  8.850000e-02  3.622000e-01  3.902000e-01 
 9.853000e-01  1.293000e-01  4.345000e-01  2.152000e-01  3.437000e-01  1.954000e-01  4.099000e-01  2.471000e-01  3.284000e-01  2.032000e-01  4.200000e-01  2.330000e-01  3.041000e-01  1.577000e-01 
 9.117000e-01  1.948000e-01  1.158700e+00  4.074000e-01  1.335200e+00  3.364000e-01  1.714900e+00  1.760000e-02  2.016600e+00 -2.550000e-02 -1.041000e-01  1.856400e+00  7.200000e-01  1.807000e-01 
 1.140600e+00 -3.580000e-02  6.300000e-01  1.801000e-01  3.542000e-01  3.308000e-01  5.145000e-01  3.221000e-01  4.868000e-01  1.562000e-01  5.023000e-01  3.346000e-01  4.021000e-01  1.433000e-01 
 6.267000e-01  4.142000e-01  9.552000e-01  6.795000e-01  1.028300e+00  8.437000e-01  9.689000e-01  6.655000e-01  1.223900e+00  6.474000e-01  9.202000e-01  7.226000e-01  5.495000e-01  3.955000e-01 
 2.915000e-01  2.898000e-01  3.733000e-01  5.469000e-01  3.424000e-01  7.258000e-01  3.200000e-01  6.140000e-01  4.248000e-01  6.449000e-01  2.811000e-01  6.647000e-01  1.979000e-01  3.389000e-01 
 7.741000e-01  1.946000e-01  1.068400e+00  4.755000e-01  1.394300e+00  3.300000e-01  1.170700e+00  3.506000e-01  1.343000e+00  4.205000e-01  1.218300e+00  2.957000e-01  6.731000e-01  2.077000e-01 
-3.680000e-02  4.017000e-01  6.590000e-02  6.122000e-01  2.108000e-01  5.843000e-01 -7.320000e-02  1.821100e+00 -7.040000e-02  8.380000e-02 -1.620000e-02  1.770000e-02  6.800000e-02  3.089000e-01 
 3.511000e-01  8.330000e-02  6.243000e-01  4.320000e-02  6.950000e-01  7.220000e-02  6.273000e-01  3.880000e-02  8.073000e-01 -5.250000e-02  6.866000e-01 -2.930000e-02  3.668000e-01  1.780000e-02 
-2.200000e-03  4.328000e-01  9.620000e-02  5.566000e-01  1.032000e-01  6.397000e-01  7.780000e-02  5.799000e-01  1.418000e-01  6.060000e-01  1.540000e-02  6.526000e-01  4.010000e-02  3.400000e-01 
 1.157000e-01  3.932000e-01  2.233000e-01  5.684000e-01  3.136000e-01  5.740000e-01  2.221000e-01  5.673000e-01  1.697000e-01  7.595000e-01  1.936000e-01  6.002000e-01  1.201000e-01  3.379000e-01 
 3.699000e-01  7.311000e-01  7.281000e-01  9.934000e-01  6.734000e-01  1.311100e+00  1.734800e+00 -5.500000e-03  1.186000e-01  1.858800e+00 -1.470000e-02  1.746300e+00  3.813000e-01  6.166000e-01 
 3.891000e-01  2.215000e-01  6.282000e-01  3.252000e-01  7.111000e-01  3.700000e-01  6.102000e-01  3.434000e-01  7.287000e-01  3.707000e-01  5.959000e-01  3.620000e-01  3.536000e-01  1.964000e-01 
 1.167600e+00 -7.010000e-02  3.770000e-01  1.359000e+00  2.343000e-01  1.332700e+00  4.709000e-01  1.250900e+00  2.915000e-01  1.174700e+00  3.580000e-01  1.382700e+00  3.080000e-01  6.191000e-01 
 4.259000e-01  4.327000e-01  6.630000e-01  6.835000e-01  6.497000e-01  9.032000e-01  6.208000e-01  7.378000e-01  6.525000e-01  9.307000e-01  6.688000e-01  6.760000e-01  3.576000e-01  4.249000e-01 
 4.507000e-01  5.850000e-01  7.612000e-01  8.484000e-01  8.878000e-01  9.469000e-01  7.216000e-01  8.978000e-01  7.942000e-01  1.079400e+00  7.377000e-01  8.773000e-01  4.067000e-01  5.303000e-01 
 1.700000e-01  9.436000e-01  1.486000e-01  1.091900e+00  5.420000e-02  8.650000e-01  2.837000e-01  9.306000e-01  1.378000e-01  7.436000e-01  1.412000e-01  1.099300e+00  1.027000e-01  5.879000e-01 
 3.313000e-01  2.213000e-01  5.529000e-01  3.276000e-01  7.630000e-01  2.247000e-01  1.775100e+00 -4.960000e-02 -1.123000e-01  2.130400e+00  3.450000e-02 -4.120000e-02  3.109000e-01  1.995000e-01 
-3.970000e-02  8.653000e-01  2.490000e-02  1.106400e+00  1.539000e-01  1.077600e+00  2.170000e-02  1.703100e+00 -3.390000e-02  2.043400e+00  4.890000e-02 -5.940000e-02  9.900000e-03  6.578000e-01 
 4.160000e-02  2.492000e-01  3.630000e-02  5.778000e-01  2.428000e-01  4.730000e-01 -2.500000e-03  1.733400e+00 -5.520000e-02  6.750000e-02  4.880000e-02 -5.870000e-02  4.570000e-02  2.934000e-01 
 1.156100e+00 -6.180000e-02  4.096000e-01  1.040000e+00  4.179000e-01  5.648000e-01  4.842000e-01  9.480000e-01  3.375000e-01  6.273000e-01  3.995000e-01  1.051100e+00  3.377000e-01  3.912000e-01 
 1.151400e+00 -5.380000e-02  5.146000e-01  1.212200e+00  4.147000e-01  8.332000e-01  5.307000e-01  1.194600e+00  3.870000e-01  8.223000e-01  5.730000e-01  1.144800e+00  3.725000e-01  4.698000e-01 
 8.854000e-01  2.118000e-01  2.810000e-01  5.846000e-01  3.241000e-01  3.542000e-01  3.327000e-01  5.222000e-01  3.007000e-01  3.679000e-01  4.131000e-01  4.262000e-01  2.879000e-01  2.674000e-01 
 3.638000e-01  3.804000e-01  7.445000e-01  2.988000e-01  8.495000e-01  3.202000e-01  1.906100e+00 -2.026000e-01  0.000000e+00  2.001200e+00 -8.700000e-03  9.600000e-03  3.821000e-01  2.389000e-01 
 2.077000e-01  4.487000e-01  2.482000e-01  7.953000e-01  3.955000e-01  7.727000e-01  3.535000e-01  6.678000e-01  4.896000e-01  6.782000e-01  3.969000e-01  6.183000e-01  2.022000e-01  3.902000e-01 
 2.329000e-01  6.285000e-01  5.094000e-01  8.113000e-01  6.033000e-01  8.956000e-01  5.496000e-01  7.599000e-01  6.561000e-01  8.529000e-01  5.272000e-01  7.862000e-01  3.007000e-01  4.596000e-01 
 2.791000e-01  3.898000e-01  3.058000e-01  7.622000e-01  5.019000e-01  6.861000e-01  4.306000e-01  6.145000e-01  4.562000e-01  7.582000e-01  4.978000e-01  5.388000e-01  2.469000e-01  3.571000e-01 
 7.123000e-01  4.088000e-01  4.206000e-01  5.596000e-01  2.809000e-01  4.953000e-01  3.921000e-01  5.953000e-01  3.269000e-01  4.263000e-01  3.688000e-01  6.182000e-01  2.817000e-01  3.309000e-01 
 4.560000e-01  6.668000e-01  9.033000e-01  7.476000e-01  1.013600e+00  7.590000e-01  1.754300e+00 -2.050000e-02  1.967200e+00  3.600000e-02 -5.360000e-02  1.796700e+00  5.007000e-01  4.429000e-01 
 8.890000e-02  1.325000e-01  4.074000e-01  1.244000e-01  5.965000e-01  4.450000e-02  1.626600e+00  1.235000e-01 -4.290000e-02  5.310000e-02  4.770000e-02 -5.700000e-02  2.280000e-01  6.230000e-02 
 1.146600e+00 -4.920000e-02  7.559000e-01  2.360000e-02  5.875000e-01  5.060000e-02  7.465000e-01  3.910000e-02  6.143000e-01  2.300000e-03  8.245000e-01 -5.390000e-02  5.154000e-01  7.700000e-03 
 8.170000e-02  2.001000e-01  1.828000e-01  2.480000e-01  5.410000e-02  4.648000e-01  1.310000e-01  3.071000e-01  6.150000e-02  4.636000e-01  1.292000e-01  3.150000e-01  6.720000e-02  1.890000e-01 
 3.180000e-02  6.007000e-01  9.280000e-02  8.930000e-01  6.660000e-02  1.058400e+00  1.871000e-01  7.811000e-01  1.862000e-01  9.383000e-01  1.827000e-01  7.888000e-01  4.380000e-02  5.275000e-01 
 4.072000e-01  3.659000e-01  5.085000e-01  7.296000e-01  5.936000e-01  8.117000e-01  6.028000e-01  6.189000e-01  5.598000e-01  8.765000e-01  6.076000e-01  6.148000e-01  3.187000e-01  3.925000e-01 
 2.243000e-01  6.124000e-01  4.186000e-01  7.552000e-01  5.787000e-01  7.057000e-01  1.668500e+00  7.700000e-02 -8.110000e-02  2.092600e+00 -5.970000e-02  7.010000e-02  2.660000e-01  4.185000e-01 
 1.119900e+00 -1.730000e-02  7.295000e-01  1.010000e+00  6.374000e-01  6.944000e-01  7.769000e-01  9.545000e-01  7.149000e-01  5.439000e-01  7.168000e-01  1.024200e+00  5.167000e-01  3.524000e-01 
 4.520000e-01  4.722000e-01  6.902000e-01  7.582000e-01  9.625000e-01  6.599000e-01  7.994000e-01  6.382000e-01  8.570000e-01  8.108000e-01  7.531000e-01  6.950000e-01  4.221000e-01  4.123000e-01 
 1.081400e+00  2.580000e-02  7.381000e-01  8.548000e-01  5.455000e-01  4.843000e-01  8.089000e-01  7.721000e-01  6.447000e-01  3.352000e-01  7.806000e-01  8.049000e-01  5.102000e-01  2.349000e-01 
-3.530000e-02  9.139000e-01  3.109000e-01  8.767000e-01  3.875000e-01  9.291000e-01  1.760000e-02  1.708500e+00  5.190000e-02  1.937300e+00 -2.270000e-02  2.460000e-02  1.649000e-01  5.366000e-01 
 9.807000e-01  1.179000e-01  4.309000e-01  2.824000e-01  3.117000e-01  2.823000e-01  4.382000e-01  2.777000e-01  3.246000e-01  2.548000e-01  4.180000e-01  3.002000e-01  3.007000e-01  1.943000e-01 
 3.250000e-01  2.790000e-01  7.360000e-01  1.607000e-01  7.521000e-01  2.878000e-01  1.784500e+00 -6.330000e-02 -7.240000e-02  2.082300e+00  3.470000e-02 -4.150000e-02  3.443000e-01  1.906000e-01 
 5.688000e-01  9.040000e-02  8.446000e-01  1.970000e-01  9.281000e-01  2.649000e-01  8.492000e-01  1.929000e-01  8.796000e-01  3.376000e-01  7.574000e-01  3.030000e-01  4.745000e-01  1.294000e-01 
 3.120000e-01  4.004000e-01  6.671000e-01  3.566000e-01  5.774000e-01  6.072000e-01  1.690600e+00  5.000000e-02  1.290000e-02  1.987400e+00 -1.380000e-02  1.650000e-02  3.382000e-01  2.667000e-01 
 1.663000e-01  6.186000e-01  1.562000e-01  1.084300e+00  1.519000e-01  1.267800e+00  1.862000e-01  1.049100e+00  3.050000e-01  1.105300e+00  1.669000e-01  1.073600e+00  1.202000e-01  5.912000e-01 
 3.376000e-01  5.206000e-01  4.022000e-01  9.626000e-01  6.526000e-01  8.635000e-01  5.593000e-01  7.763000e-01  5.713000e-01  9.856000e-01  6.018000e-01  7.242000e-01  3.129000e-01  4.596000e-01 
 4.579000e-01  6.553000e-01  2.936000e-01  8.654000e-01  2.920000e-01  5.680000e-01  2.777000e-01  8.882000e-01  2.360000e-01  6.118000e-01  2.499000e-01  9.187000e-01  2.159000e-01  4.540000e-01 
 3.084000e-01  5.384000e-01  6.887000e-01  4.607000e-01  7.591000e-01  5.193000e-01  1.674400e+00  6.190000e-02 -2.330000e-02  2.028300e+00 -1.730000e-02  2.100000e-02  3.601000e-01  3.235000e-01 
 2.808000e-01  2.563000e-01  4.488000e-01  3.873000e-01  5.796000e-01  3.615000e-01  4.806000e-01  3.485000e-01  5.999000e-01  3.518000e-01  4.774000e-01  3.545000e-01  2.802000e-01  1.986000e-01 
 8.380000e-02  1.481000e-01  1.604000e-01  1.943000e-01  2.514000e-01  1.399000e-01  2.079000e-01  1.384000e-01  2.309000e-01  1.706000e-01  1.796000e-01  1.728000e-01  1.045000e-01  9.790000e-02 
 5.270000e-02  4.620000e-01  3.844000e-01  4.432000e-01  5.097000e-01  4.337000e-01 -2.350000e-02  1.761600e+00 -9.900000e-03  1.100000e-02  3.140000e-02 -3.780000e-02  1.804000e-01  3.003000e-01 
 4.784000e-01 -3.000000e-03  7.456000e-01  2.300000e-03  7.309000e-01  1.364000e-01  6.966000e-01  5.930000e-02  7.600000e-01  1.187000e-01  7.205000e-01  3.540000e-02  4.033000e-01  3.320000e-02 
 3.585000e-01  6.260000e-01  7.743000e-01  5.065000e-01  7.985000e-01  6.149000e-01  1.737500e+00 -1.090000e-02  4.900000e-02  1.945400e+00 -8.970000e-02  1.065000e-01  4.380000e-01  3.180000e-01 
 5.082000e-01  5.910000e-01  7.890000e-01  7.576000e-01  8.673000e-01  8.025000e-01  1.677600e+00  6.540000e-02 -5.020000e-02  2.058300e+00  8.400000e-02  1.632800e+00  4.487000e-01  4.481000e-01 
 3.315000e-01  5.409000e-01  6.587000e-01  5.250000e-01  6.879000e-01  6.287000e-01  1.730300e+00  0.000000e+00  8.930000e-02  1.898600e+00  4.910000e-02 -5.990000e-02  3.776000e-01  3.192000e-01 
 7.500000e-03  7.326000e-01  2.217000e-01  8.010000e-01  2.055000e-01  9.643000e-01  6.180000e-02  1.656800e+00 -5.870000e-02  2.070400e+00 -2.560000e-02  3.100000e-02  4.460000e-02  5.755000e-01 
-4.240000e-02  7.591000e-01  3.428000e-01  6.647000e-01  3.545000e-01  7.933000e-01  5.000000e-02  1.675500e+00 -9.690000e-02  2.112200e+00 -1.800000e-03  2.400000e-03  1.535000e-01  4.441000e-01 
 3.393000e-01  5.055000e-01  6.030000e-01  7.080000e-01  7.056000e-01  7.814000e-01  6.102000e-01  7.022000e-01  7.245000e-01  7.864000e-01  5.652000e-01  7.547000e-01  3.327000e-01  4.272000e-01 
 6.824000e-01  4.344000e-01  1.050700e+00  6.378000e-01  1.118400e+00  7.004000e-01  1.775100e+00 -5.320000e-02  1.875000e+00  1.442000e-01  3.940000e-02  1.686500e+00  6.244000e-01  3.308000e-01 
 3.648000e-01  5.643000e-01  7.458000e-01  4.867000e-01  8.342000e-01  5.187000e-01  1.737500e+00 -6.500000e-03 -9.810000e-02  2.117800e+00 -5.920000e-02  7.120000e-02  3.983000e-01  3.318000e-01 
 1.129600e+00 -3.020000e-02  6.534000e-01  1.097600e+00  6.021000e-01  4.781000e-01  7.221000e-01  1.015500e+00  6.298000e-01  4.144000e-01  7.729000e-01  9.528000e-01  5.045000e-01  2.708000e-01 
 4.052000e-01  3.131000e-01  6.783000e-01  4.436000e-01  7.699000e-01  5.071000e-01  6.499000e-01  4.775000e-01  8.500000e-01  4.314000e-01  7.182000e-01  3.959000e-01  4.053000e-01  2.391000e-01 
 1.131800e+00 -3.150000e-02  6.668000e-01  5.677000e-01  5.198000e-01  3.855000e-01  6.295000e-01  6.142000e-01  4.733000e-01  4.171000e-01  7.019000e-01  5.303000e-01  4.325000e-01  2.588000e-01 
-1.350000e-02  9.692000e-01  6.860000e-02  1.201600e+00  2.007000e-01  1.184700e+00 -1.011000e-01  1.850400e+00  2.550000e-02  1.973700e+00  6.100000e-02 -7.320000e-02  5.340000e-02  6.952000e-01 
 1.009400e+00  1.134000e-01  4.213000e-01  8.066000e-01  3.547000e-01  5.525000e-01  4.474000e-01  7.713000e-01  4.188000e-01  4.510000e-01  5.455000e-01  6.543000e-01  3.627000e-01  3.198000e-01 
 4.146000e-01  4.600000e-02  7.304000e-01  4.780000e-02  8.895000e-01 -9.000000e-04  1.766900e+00 -4.180000e-02  1.940000e-02 -2.560000e-02  1.600000e-03 -2.100000e-03  4.215000e-01  2.020000e-02 
 4.200000e-03  7.406000e-01  4.619000e-01  5.687000e-01  5.006000e-01  6.651000e-01  1.647100e+00  9.630000e-02 -8.380000e-02  2.093600e+00  1.680000e-02 -2.180000e-02  2.127000e-01  3.993000e-01 
 8.960000e-01  2.122000e-01  1.236100e+00  2.560000e-01  1.376200e+00  2.300000e-01  1.731100e+00  5.000000e-04  1.994500e+00  4.600000e-03 -2.330000e-02  1.759100e+00  7.241000e-01  1.468000e-01 
 1.125000e+00 -2.640000e-02  1.185100e+00  5.672000e-01  9.300000e-01  2.285000e-01  1.218800e+00  5.273000e-01  8.381000e-01  2.953000e-01  1.288500e+00  4.426000e-01  7.039000e-01  1.022000e-01 
 9.570000e-02  2.974000e-01  4.062000e-01  1.635000e-01  4.607000e-01  1.812000e-01  3.996000e-01  1.672000e-01  4.821000e-01  1.683000e-01  3.296000e-01  2.546000e-01  2.160000e-01  1.141000e-01 
 1.066400e+00  5.060000e-02  4.352000e-01  1.309700e+00  3.315000e-01  1.332100e+00  4.690000e-01  1.277800e+00  4.950000e-01  1.028800e+00  4.517000e-01  1.293800e+00  3.870000e-01  5.589000e-01 
 9.807000e-01  1.493000e-01  1.107100e+00  6.114000e-01  7.685000e-01  2.679000e-01  9.559000e-01  7.915000e-01  7.832000e-01  2.189000e-01  1.040300e+00  6.888000e-01  6.295000e-01  1.212000e-01 
 4.976000e-01  3.970000e-01  6.387000e-01  7.825000e-01  8.251000e-01  7.792000e-01  7.457000e-01  6.585000e-01  7.633000e-01  8.793000e-01  7.247000e-01  6.854000e-01  3.927000e-01  4.256000e-01 
 7.080000e-02  8.437000e-01  1.565000e-01  1.267600e+00  2.215000e-01  1.388900e+00  2.746000e-01  1.129200e+00  2.840000e-01  1.339000e+00  1.668000e-01  1.250800e+00  1.165000e-01  7.000000e-01 
 2.704000e-01  7.288000e-01  6.289000e-01  6.757000e-01  7.274000e-01  7.037000e-01  1.694200e+00  4.620000e-02  5.750000e-02  1.930000e+00 -1.150000e-02  1.200000e-02  3.791000e-01  3.871000e-01 
 3.198000e-01  7.852000e-01  6.013000e-01  1.135000e+00  7.234000e-01  1.198300e+00  1.628900e+00  1.248000e-01 -4.420000e-02  2.053300e+00  8.170000e-02  1.635800e+00  3.488000e-01  6.410000e-01 
 8.978000e-01  1.226000e-01  1.111100e+00  2.376000e-01  1.333900e+00  1.199000e-01  1.906700e+00 -2.029000e-01  1.955700e+00  4.500000e-02  1.680000e-02 -1.970000e-02  7.193000e-01  6.620000e-02 
 3.376000e-01  4.681000e-01  7.722000e-01  3.205000e-01  7.227000e-01  5.211000e-01  1.563600e+00  1.941000e-01  5.300000e-03  1.993600e+00 -4.300000e-02  5.260000e-02  3.808000e-01  2.757000e-01 
-1.780000e-02  9.781000e-01  2.480000e-01  1.004500e+00  2.617000e-01  1.130300e+00 -5.760000e-02  1.800700e+00  3.090000e-02  1.965300e+00 -6.770000e-02  7.990000e-02  9.110000e-02  6.573000e-01 
 3.065000e-01  4.802000e-01  5.440000e-01  6.745000e-01  5.246000e-01  8.795000e-01  4.652000e-01  7.694000e-01  5.639000e-01  8.570000e-01  4.735000e-01  7.587000e-01  2.864000e-01  4.227000e-01 
 7.427000e-01  7.390000e-02  1.189300e+00  8.300000e-02  1.414300e+00  2.050000e-02  1.250600e+00  6.000000e-03  1.441500e+00  1.240000e-02  1.193500e+00  7.420000e-02  7.161000e-01  1.110000e-02 
 4.666000e-01  6.226000e-01  8.800000e-01  7.976000e-01  9.467000e-01  9.688000e-01  6.725000e-01  1.039400e+00  8.872000e-01  1.067700e+00  7.361000e-01  9.614000e-01  4.290000e-01  5.515000e-01 
 3.063000e-01  6.264000e-01  7.307000e-01  4.934000e-01  8.177000e-01  5.290000e-01  1.775700e+00 -4.860000e-02 -1.500000e-02  2.013600e+00 -5.090000e-02  6.170000e-02  4.033000e-01  3.219000e-01 
-2.300000e-03  9.057000e-01  2.291000e-01  9.915000e-01  4.589000e-01  8.647000e-01  5.000000e-04  1.731800e+00  4.500000e-03  1.990400e+00 -5.000000e-03  5.300000e-03  1.490000e-01  5.679000e-01 
 7.854000e-01  3.098000e-01  2.999000e-01  6.876000e-01  2.856000e-01  4.767000e-01  3.644000e-01  6.130000e-01  2.626000e-01  4.918000e-01  3.000000e-01  6.889000e-01  2.698000e-01  3.384000e-01 
 4.141000e-01  2.904000e-01  6.394000e-01  3.938000e-01  8.197000e-01  3.237000e-01  1.624800e+00  1.227000e-01 -1.530000e-02  2.018500e+00 -3.490000e-02  4.160000e-02  4.051000e-01  1.915000e-01 
 6.392000e-01  4.688000e-01  9.039000e-01  8.416000e-01  1.061400e+00  8.376000e-01  1.598700e+00  1.593000e-01  1.972200e+00  3.310000e-02 -9.980000e-02  1.852400e+00  5.675000e-01  4.143000e-01 
 6.436000e-01  2.330000e-02  1.019000e+00 -4.770000e-02  9.992000e-01  1.174000e-01  1.605600e+00  1.474000e-01  2.067800e+00 -8.150000e-02  5.890000e-02 -6.990000e-02  5.617000e-01  1.030000e-02 
 1.056800e+00  5.610000e-02  9.277000e-01  3.840000e-01  7.862000e-01  1.421000e-01  9.047000e-01  4.088000e-01  7.154000e-01  1.977000e-01  9.725000e-01  3.286000e-01  5.982000e-01  1.060000e-01 
 2.863000e-01  2.397000e-01  3.017000e-01  5.512000e-01  4.118000e-01  5.414000e-01  4.823000e-01  3.335000e-01  2.984000e-01  6.918000e-01  4.641000e-01  3.558000e-01  2.224000e-01  2.593000e-01 
 4.731000e-01  8.560000e-02  7.429000e-01  1.325000e-01  9.045000e-01  8.170000e-02  8.110000e-01  4.620000e-02  8.391000e-01  1.784000e-01  7.406000e-01  1.352000e-01  4.483000e-01  5.340000e-02 
 1.335000e-01  9.647000e-01  4.820000e-02  1.051100e+00  1.408000e-01  6.785000e-01  3.630000e-02  1.068100e+00  7.970000e-02  7.308000e-01  1.641000e-01  9.179000e-01  4.960000e-02  6.001000e-01 
 4.580000e-02  9.044000e-01  3.932000e-01  8.614000e-01  5.322000e-01  8.431000e-01  1.675300e+00  6.230000e-02  3.500000e-02  1.957700e+00 -3.200000e-03  3.000000e-03  2.104000e-01  5.312000e-01 
 1.039000e+00  7.570000e-02  7.307000e-01  1.009800e+00  5.982000e-01  1.377000e+00  7.363000e-01  1.004300e+00  6.714000e-01  1.031500e+00  8.457000e-01  8.775000e-01  5.253000e-01  4.539000e-01 
 5.764000e-01  3.032000e-01  9.577000e-01  4.120000e-01  9.673000e-01  6.153000e-01  9.352000e-01  4.392000e-01  9.752000e-01  6.314000e-01  7.572000e-01  6.480000e-01  5.075000e-01  2.932000e-01 
 1.140700e+00 -4.550000e-02  9.417000e-01  7.776000e-01  7.075000e-01  5.760000e-01  8.199000e-01  9.228000e-01  6.980000e-01  5.391000e-01  9.480000e-01  7.681000e-01  5.668000e-01  2.880000e-01 
-2.900000e-02  6.733000e-01  3.202000e-01  6.315000e-01  4.043000e-01  6.685000e-01 -7.370000e-02  1.813700e+00  1.229000e-01  1.851200e+00  4.170000e-02 -5.200000e-02  1.569000e-01  3.977000e-01 
 3.265000e-01  4.894000e-01  6.227000e-01  5.130000e-01  7.186000e-01  5.417000e-01  1.765500e+00 -3.930000e-02 -4.840000e-02  2.053500e+00  9.800000e-03 -1.190000e-02  3.285000e-01  3.432000e-01 
 1.117100e+00 -8.600000e-03  7.302000e-01  3.616000e-01  6.130000e-01  2.139000e-01  6.646000e-01  4.410000e-01  6.113000e-01  1.987000e-01  7.062000e-01  3.899000e-01  4.921000e-01  1.567000e-01 
 1.141900e+00 -4.700000e-02  6.574000e-01  7.773000e-01  5.479000e-01  4.382000e-01  7.244000e-01  6.954000e-01  5.710000e-01  3.823000e-01  7.053000e-01  7.203000e-01  4.940000e-01  2.317000e-01 
 4.965000e-01  1.738000e-01  7.885000e-01  2.035000e-01  9.662000e-01  1.357000e-01  1.835300e+00 -1.154000e-01 -1.560000e-02  2.021700e+00 -1.450000e-02  1.650000e-02  4.759000e-01  9.810000e-02 
 4.544000e-01  3.766000e-01  8.270000e-01  4.520000e-01  7.125000e-01  7.868000e-01  6.932000e-01  6.157000e-01  7.669000e-01  7.423000e-01  5.673000e-01  7.614000e-01  3.870000e-01  3.691000e-01 
 4.055000e-01  3.654000e-01  7.823000e-01  3.933000e-01  7.759000e-01  5.908000e-01  7.125000e-01  4.798000e-01  9.026000e-01  4.538000e-01  7.434000e-01  4.432000e-01  4.013000e-01  2.881000e-01 
 5.728000e-01  2.989000e-01  8.306000e-01  3.644000e-01  9.304000e-01  3.902000e-01  1.696000e+00  4.100000e-02 -8.430000e-02  2.101000e+00 -7.130000e-02  8.580000e-02  5.000000e-01  2.026000e-01 
 3.376000e-01  7.775000e-01  3.464000e-01  1.362100e+00  2.232000e-01  9.473000e-01  2.115000e-01  1.521300e+00  2.551000e-01  8.705000e-01  2.435000e-01  1.486300e+00  1.729000e-01  6.418000e-01 
 1.090600e+00  1.860000e-02  6.090000e-01  1.122400e+00  4.901000e-01  5.531000e-01  5.431000e-01  1.201300e+00  5.042000e-01  5.040000e-01  5.107000e-01  1.237100e+00  4.253000e-01  3.304000e-01 
 1.114300e+00 -1.080000e-02  5.238000e-01  4.260000e-01  3.534000e-01  4.049000e-01  5.256000e-01  4.235000e-01  4.289000e-01  2.981000e-01  5.392000e-01  4.056000e-01  3.375000e-01  2.647000e-01 
 4.647000e-01  9.610000e-02  8.450000e-01  1.090000e-02  9.376000e-01  3.980000e-02  7.987000e-01  6.400000e-02  8.026000e-01  2.185000e-01  7.818000e-01  8.880000e-02  4.603000e-01  3.840000e-02 
 1.721000e-01  2.183000e-01  2.819000e-01  3.280000e-01  3.557000e-01  3.364000e-01  2.338000e-01  3.847000e-01  3.266000e-01  3.775000e-01  2.295000e-01  3.909000e-01  1.535000e-01  2.003000e-01 
 1.860000e-02  2.330000e-01  8.280000e-02  2.981000e-01  6.380000e-02  3.789000e-01 -1.660000e-02  4.184000e-01  1.610000e-01  2.707000e-01  8.580000e-02  2.988000e-01  3.820000e-02  1.848000e-01 
 4.782000e-01  4.641000e-01  8.946000e-01  3.435000e-01  8.573000e-01  5.357000e-01  1.875700e+00 -1.691000e-01 -6.900000e-03  2.014400e+00  2.090000e-02 -2.310000e-02  4.434000e-01  3.007000e-01 
 3.309000e-01  4.250000e-01  4.928000e-01  6.981000e-01  6.051000e-01  7.404000e-01  6.155000e-01  5.528000e-01  6.382000e-01  7.205000e-01  5.233000e-01  6.605000e-01  3.175000e-01  3.624000e-01 
 2.536000e-01  1.080000e-01  5.554000e-01  1.227000e-01  7.170000e-01  7.060000e-02  1.696900e+00  4.170000e-02 -1.440000e-02  1.760000e-02 -1.016000e-01  1.216000e-01  3.275000e-01  4.920000e-02 
 3.390000e-01  3.020000e-01  5.153000e-01  4.942000e-01  5.936000e-01  5.545000e-01  5.314000e-01  4.704000e-01  6.225000e-01  5.370000e-01  5.093000e-01  4.972000e-01  3.172000e-01  2.615000e-01 
 1.167900e+00 -7.670000e-02  1.151900e+00  5.657000e-01  8.234000e-01  1.057900e+00  1.061100e+00  6.778000e-01  6.292000e-01  1.053300e+00  1.050300e+00  6.942000e-01  6.490000e-01  3.211000e-01 
 4.128000e-01  6.886000e-01  7.720000e-01  6.333000e-01  8.191000e-01  7.276000e-01  1.696900e+00  4.170000e-02 -1.400000e-03  1.999100e+00 -2.770000e-02  1.763800e+00  4.395000e-01  3.880000e-01 
 2.401000e-01  8.456000e-01  2.801000e-01  1.440500e+00  3.156000e-01  1.645200e+00  4.983000e-01  1.182000e+00  4.511000e-01  1.513000e+00  4.349000e-01  1.260300e+00  2.223000e-01  7.598000e-01 
 3.190000e-02  2.327000e-01  1.329000e-01  4.503000e-01  1.820000e-01  5.382000e-01  1.320000e-01  1.579700e+00  6.880000e-02 -8.450000e-02 -1.080000e-02  1.390000e-02  8.020000e-02  2.422000e-01 
 4.039000e-01  3.573000e-01  6.585000e-01  5.334000e-01  6.388000e-01  7.320000e-01  6.293000e-01  5.603000e-01  6.803000e-01  7.047000e-01  5.667000e-01  6.358000e-01  3.484000e-01  3.435000e-01 
 1.027700e+00  8.760000e-02  5.360000e-01  1.174600e+00  3.294000e-01  7.892000e-01  3.724000e-01  1.366100e+00  2.953000e-01  7.905000e-01  4.678000e-01  1.253200e+00  3.132000e-01  4.753000e-01 
 6.950000e-02  4.076000e-01  1.708000e-01  5.636000e-01  1.306000e-01  7.205000e-01 -1.290000e-02  7.861000e-01  1.415000e-01  7.203000e-01  6.850000e-02  6.867000e-01  5.100000e-02  3.835000e-01 
 5.578000e-01  4.956000e-01  8.414000e-01  5.372000e-01  9.265000e-01  5.695000e-01  1.720000e+00  1.960000e-02  7.740000e-02  1.906200e+00 -9.720000e-02  1.850300e+00  4.662000e-01  3.445000e-01 
 2.043000e-01  1.528000e-01  3.941000e-01  1.483000e-01  4.314000e-01  1.899000e-01  4.244000e-01  1.136000e-01  5.053000e-01  1.130000e-01  4.428000e-01  8.950000e-02  2.396000e-01  7.130000e-02 
 3.115000e-01  6.206000e-01  5.196000e-01  9.349000e-01  4.160000e-01  1.275600e+00  4.773000e-01  9.806000e-01  5.755000e-01  1.103300e+00  3.650000e-01  1.116200e+00  2.662000e-01  5.800000e-01 
 1.036700e+00  8.220000e-02  8.868000e-01  8.528000e-01  7.260000e-01  4.464000e-01  1.059900e+00  6.539000e-01  6.681000e-01  4.769000e-01  9.639000e-01  7.606000e-01  5.826000e-01  2.310000e-01 
 1.069800e+00  4.080000e-02  4.507000e-01  2.553000e-01  3.520000e-01  2.347000e-01  4.403000e-01  2.715000e-01  3.898000e-01  1.776000e-01  4.880000e-01  2.127000e-01  3.393000e-01  1.490000e-01 
 9.398000e-01  9.490000e-02  1.514900e+00  9.620000e-02  1.657200e+00  1.844000e-01  1.592300e+00  4.300000e-03  1.785300e+00  7.150000e-02  1.490300e+00  1.233000e-01  8.673000e-01  6.500000e-02 
 2.916000e-01  8.154000e-01  2.496000e-01  7.557000e-01  7.570000e-02  7.302000e-01  2.293000e-01  7.797000e-01  1.223000e-01  6.540000e-01  1.639000e-01  8.590000e-01  1.455000e-01  4.776000e-01 
 1.027000e-01  1.016100e+00  1.556000e-01  1.566700e+00  1.183000e-01  9.786000e-01  1.365000e-01  1.589500e+00  1.133000e-01  9.559000e-01  1.248000e-01  1.605400e+00  8.940000e-02  6.949000e-01 
 1.103500e+00  3.500000e-03  5.619000e-01  1.930000e-01  4.270000e-01  1.961000e-01  5.009000e-01  2.624000e-01  4.615000e-01  1.391000e-01  5.809000e-01  1.712000e-01  3.970000e-01  1.167000e-01 
 1.000000e-03  9.440000e-01  3.068000e-01  9.555000e-01  4.642000e-01  9.027000e-01 -1.152000e-01  1.865900e+00 -8.080000e-02  2.098800e+00 -8.500000e-03  1.020000e-02  1.939000e-01  5.414000e-01 
 4.455000e-01  6.606000e-01  2.377000e-01  6.792000e-01  2.448000e-01  4.713000e-01  2.568000e-01  6.523000e-01  3.088000e-01  3.794000e-01  2.070000e-01  7.139000e-01  1.991000e-01  3.831000e-01 
 3.431000e-01  3.872000e-01  5.262000e-01  6.181000e-01  5.925000e-01  7.169000e-01  6.176000e-01  5.152000e-01  6.126000e-01  7.107000e-01  4.996000e-01  6.554000e-01  3.275000e-01  3.312000e-01 
 3.390000e-02  6.709000e-01  4.034000e-01  6.058000e-01  4.849000e-01  6.530000e-01  1.696000e+00  4.940000e-02 -7.460000e-02  2.088600e+00 -6.100000e-03  7.900000e-03  2.012000e-01  3.928000e-01 
-3.340000e-02  1.136700e+00  8.860000e-02  1.330500e+00  2.922000e-01  1.235300e+00  1.830000e-02  1.712800e+00 -8.160000e-02  2.100200e+00  3.500000e-03  1.726300e+00  7.930000e-02  7.498000e-01 
 1.158900e+00 -6.460000e-02  4.903000e-01  1.257400e+00  5.872000e-01  4.286000e-01  5.796000e-01  1.149900e+00  5.293000e-01  4.681000e-01  5.713000e-01  1.158500e+00  4.171000e-01  3.362000e-01 
 1.061400e+00  5.460000e-02  4.624000e-01  4.138000e-01  4.538000e-01  2.395000e-01  6.261000e-01  2.194000e-01  4.383000e-01  2.373000e-01  5.559000e-01  2.980000e-01  3.813000e-01  1.803000e-01 
-6.870000e-02  1.177000e+00  3.070000e-01  1.094200e+00  3.066000e-01  1.239500e+00  8.420000e-02  1.636600e+00 -2.100000e-03  1.999800e+00 -3.140000e-02  1.768700e+00  1.517000e-01  6.749000e-01 
 4.358000e-01  5.687000e-01  7.750000e-01  5.402000e-01  9.538000e-01  4.687000e-01  1.750700e+00 -2.560000e-02  1.563000e-01  1.817000e+00  6.030000e-02 -7.160000e-02  4.426000e-01  3.335000e-01 
 3.493000e-01  3.879000e-01  4.468000e-01  7.277000e-01  5.066000e-01  8.343000e-01  6.364000e-01  5.005000e-01  6.528000e-01  6.812000e-01  4.985000e-01  6.694000e-01  3.007000e-01  3.705000e-01 
 3.451000e-01  3.304000e-01  4.110000e-01  6.678000e-01  4.958000e-01  7.328000e-01  4.974000e-01  5.712000e-01  4.849000e-01  7.611000e-01  3.385000e-01  7.543000e-01  2.568000e-01  3.634000e-01 
 6.628000e-01  4.250000e-01  2.748000e-01  2.046000e-01  1.555000e-01  2.684000e-01  2.439000e-01  2.413000e-01  2.985000e-01  8.700000e-02  2.819000e-01  1.962000e-01  2.311000e-01  1.262000e-01 
 5.381000e-01  2.008000e-01  9.185000e-01  2.281000e-01  1.066400e+00  2.308000e-01  9.062000e-01  2.368000e-01  9.814000e-01  3.535000e-01  8.856000e-01  2.679000e-01  5.252000e-01  1.371000e-01 
 1.112900e+00 -9.100000e-03  8.964000e-01  8.369000e-01  6.871000e-01  7.348000e-01  8.873000e-01  8.529000e-01  7.308000e-01  6.121000e-01  8.880000e-01  8.495000e-01  5.774000e-01  3.174000e-01 
 9.408000e-01  1.572000e-01  1.180300e+00  3.368000e-01  1.296200e+00  3.425000e-01  1.684700e+00  5.910000e-02  2.001600e+00  2.300000e-03  4.320000e-02  1.685900e+00  7.190000e-01  1.595000e-01 
 1.581000e-01  3.713000e-01  3.274000e-01  4.837000e-01  2.731000e-01  6.740000e-01  4.187000e-01  3.731000e-01  3.721000e-01  5.650000e-01  3.401000e-01  4.673000e-01  1.892000e-01  2.795000e-01 
 3.393000e-01  1.388000e-01  2.235000e-01  3.140000e-02  7.320000e-02  1.648000e-01  2.143000e-01  4.110000e-02  1.466000e-01  7.950000e-02  1.840000e-01  7.610000e-02  1.639000e-01  4.260000e-02 
 2.449000e-01  1.485000e-01  1.748000e-01  3.990000e-02  7.900000e-02  1.229000e-01  1.639000e-01  5.250000e-02  1.908000e-01 -1.550000e-02  7.440000e-02  1.631000e-01  1.260000e-01  5.300000e-02 
 3.539000e-01  7.224000e-01  4.408000e-01  1.274400e+00  6.796000e-01  1.237900e+00  4.989000e-01  1.199600e+00  6.023000e-01  1.362300e+00  4.924000e-01  1.209500e+00  2.847000e-01  6.989000e-01 
 4.341000e-01  4.468000e-01  6.116000e-01  7.835000e-01  7.314000e-01  8.503000e-01  6.383000e-01  7.511000e-01  8.338000e-01  7.523000e-01  6.846000e-01  6.988000e-01  3.918000e-01  4.062000e-01 
 5.380000e-01  4.697000e-01  7.407000e-01  8.628000e-01  7.885000e-01  1.048800e+00  7.124000e-01  8.969000e-01  9.390000e-01  9.041000e-01  7.319000e-01  8.754000e-01  4.184000e-01  5.099000e-01 
 2.920000e-01  8.900000e-02  4.256000e-01  1.747000e-01  4.704000e-01  2.201000e-01  4.925000e-01  9.680000e-02  4.691000e-01  2.292000e-01  4.426000e-01  1.539000e-01  2.753000e-01  6.600000e-02 
 4.122000e-01  8.940000e-02  5.834000e-01  2.571000e-01  6.954000e-01  2.638000e-01  1.677400e+00  6.480000e-02 -2.700000e-03  2.000000e-03  1.870000e-02 -2.020000e-02  3.243000e-01  1.595000e-01 
-5.000000e-04  1.120800e+00  6.350000e-02  1.665100e+00 -5.980000e-02  1.582700e+00 -7.100000e-03  1.746900e+00  8.840000e-02  1.332500e+00  1.032000e-01  1.617900e+00  3.190000e-02  8.864000e-01 
 2.250000e-02  4.186000e-01  2.250000e-02  2.158000e-01  4.480000e-02  1.556000e-01  6.030000e-02  1.744000e-01  6.030000e-02  1.389000e-01 -2.940000e-02  2.825000e-01  1.240000e-02  1.834000e-01 
 1.856000e-01  3.467000e-01  6.820000e-02  2.194000e-01  4.480000e-02  2.059000e-01  9.490000e-02  1.882000e-01  3.840000e-02  2.095000e-01  5.270000e-02  2.388000e-01  7.130000e-02  1.545000e-01 
 5.003000e-01  2.536000e-01  1.001900e+00  1.310000e-01  1.054300e+00  2.531000e-01  8.935000e-01  2.608000e-01  1.017600e+00  3.172000e-01  9.822000e-01  1.566000e-01  5.335000e-01  1.295000e-01 
 4.205000e-01  6.878000e-01  8.430000e-02  1.679500e+00  1.585000e-01  9.973000e-01  2.664000e-01  1.464800e+00  1.663000e-01  9.523000e-01  3.439000e-01  1.375300e+00  1.936000e-01  6.086000e-01 
 7.230000e-01  2.897000e-01  1.061700e+00  5.399000e-01  1.291800e+00  5.118000e-01  1.153700e+00  4.307000e-01  1.208600e+00  6.427000e-01  9.571000e-01  6.620000e-01  6.198000e-01  3.023000e-01 
 2.124000e-01  6.169000e-01  4.337000e-01  8.492000e-01  4.279000e-01  1.041800e+00  4.311000e-01  8.475000e-01  4.554000e-01  1.033700e+00  3.460000e-01  9.528000e-01  2.282000e-01  5.165000e-01 
 1.087000e+00  2.050000e-02  3.814000e-01  9.184000e-01  3.311000e-01  6.046000e-01  3.696000e-01  9.346000e-01  3.396000e-01  5.683000e-01  4.533000e-01  8.328000e-01  3.132000e-01  3.887000e-01 
 1.122500e+00 -2.000000e-02  7.035000e-01  1.028900e+00  5.001000e-01  6.363000e-01  7.524000e-01  9.642000e-01  5.688000e-01  5.181000e-01  7.309000e-01  9.958000e-01  4.889000e-01  3.028000e-01 
 1.122700e+00 -2.120000e-02  7.345000e-01  1.126000e-01  5.620000e-01  1.254000e-01  7.846000e-01  5.580000e-02  5.239000e-01  1.548000e-01  7.256000e-01  1.218000e-01  4.972000e-01  5.870000e-02 
 2.307000e-01  7.521000e-01  4.215000e-01  8.968000e-01  4.895000e-01  9.583000e-01  1.706200e+00  3.010000e-02  2.510000e-02  1.976100e+00  5.130000e-02 -5.990000e-02  2.203000e-01  5.587000e-01 
 3.168000e-01  1.169000e-01  7.908000e-01 -7.260000e-02  8.958000e-01 -5.690000e-02  1.596400e+00  1.594000e-01 -4.350000e-02  5.030000e-02 -4.990000e-02  5.970000e-02  3.999000e-01  1.530000e-02 
 1.098600e+00  1.060000e-02  1.170200e+00  5.680000e-01  8.732000e-01  2.272000e-01  1.142800e+00  5.946000e-01  8.219000e-01  2.528000e-01  1.195700e+00  5.319000e-01  6.724000e-01  1.097000e-01 
 1.823000e-01  6.265000e-01  1.940000e-01  1.089600e+00  2.839000e-01  1.166500e+00  2.785000e-01  9.865000e-01  3.379000e-01  1.124600e+00  2.203000e-01  1.059100e+00  1.262000e-01  6.122000e-01 
 4.150000e-02  7.618000e-01  2.864000e-01  8.324000e-01  4.110000e-01  8.252000e-01  4.500000e-03  1.725100e+00 -2.590000e-02  2.027700e+00 -2.960000e-02  3.420000e-02  1.374000e-01  5.252000e-01 
 5.909000e-01  4.002000e-01  8.241000e-01  7.434000e-01  1.137400e+00  6.116000e-01  9.519000e-01  5.897000e-01  1.061400e+00  7.307000e-01  8.974000e-01  6.602000e-01  5.347000e-01  3.598000e-01 
 7.907000e-01  2.081000e-01  1.288000e+00  2.727000e-01  1.441700e+00  3.342000e-01  1.260200e+00  3.046000e-01  1.501900e+00  2.953000e-01  1.235200e+00  3.337000e-01  7.069000e-01  1.993000e-01 
 5.221000e-01  5.633000e-01  9.389000e-01  7.340000e-01  9.714000e-01  9.561000e-01  9.044000e-01  7.730000e-01  1.116400e+00  8.080000e-01  9.204000e-01  7.541000e-01  5.285000e-01  4.408000e-01 
 1.143700e+00 -4.720000e-02  5.848000e-01  9.845000e-01  6.145000e-01  3.859000e-01  6.835000e-01  8.577000e-01  5.857000e-01  3.928000e-01  6.892000e-01  8.599000e-01  4.808000e-01  2.604000e-01 
 1.652000e-01  5.220000e-01  7.564000e-01  1.959000e-01  7.352000e-01  3.619000e-01  1.798300e+00 -8.000000e-02 -6.110000e-02  2.072900e+00 -3.170000e-02  3.590000e-02  3.185000e-01  2.556000e-01 
 2.429000e-01  8.192000e-01  5.522000e-01  8.254000e-01  6.584000e-01  8.397000e-01  1.758500e+00 -2.970000e-02  1.117000e-01  1.871200e+00  2.010000e-02  1.704900e+00  3.055000e-01  5.041000e-01 
 1.027500e+00  9.290000e-02  7.770000e-01  9.647000e-01  7.027000e-01  6.231000e-01  8.090000e-01  9.281000e-01  7.108000e-01  5.548000e-01  9.417000e-01  7.737000e-01  5.562000e-01  3.125000e-01 
 2.098000e-01  4.697000e-01  2.148000e-01  8.691000e-01  2.709000e-01  9.603000e-01  2.065000e-01  8.809000e-01  1.751000e-01  1.090800e+00  1.634000e-01  9.365000e-01  1.426000e-01  4.818000e-01 
 8.182000e-01  2.860000e-01  1.228700e+00  2.121000e-01  1.275100e+00  2.980000e-01  1.731500e+00  2.500000e-03  2.029300e+00 -3.240000e-02  2.870000e-02  1.699900e+00  6.670000e-01  1.885000e-01 
 1.416000e-01  9.664000e-01  7.030000e-02  8.976000e-01  1.443000e-01  5.991000e-01  4.980000e-02  9.250000e-01  1.007000e-01  6.328000e-01  6.130000e-02  9.041000e-01  7.600000e-02  5.271000e-01 
 6.420000e-01  1.712000e-01  8.587000e-01  4.432000e-01  9.461000e-01  5.424000e-01  1.049100e+00  2.220000e-01  1.132600e+00  3.475000e-01  9.113000e-01  3.815000e-01  5.211000e-01  2.263000e-01 
